trento-args = Pb Pb --cross-section 7.0 --normalization 21.855000688004658 --reduced-thickness 0.0073332321043521175 --fluctuation 1.64199728711073 --nucleon-min-dist 1.386466424740385
nucleon-width = 1.017255966164357
tau-fs = 0.8367339696606535
hydro-args = etas_hrg=0.1514638946200954 etas_min=0.090280379000865 etas_slope=1.626015742579476 etas_curv=-0.051569440005952316 zetas_max=0.056899120093416404 zetas_width=0.0364698663523886 zetas_t0=0.17251075083506295
Tswitch = 0.14738315435660074
