trento-args = Pb Pb --cross-section 7.0 --normalization 20.56201191742743 --reduced-thickness 0.006419149226319419 --fluctuation 1.4326499496436922 --nucleon-min-dist 1.3656864625877558
nucleon-width = 1.022280981423415
tau-fs = 0.782115801658686
hydro-args = etas_hrg=0.15710688733510675 etas_min=0.0806704558555968 etas_slope=2.382389745160936 etas_curv=-0.3504150934445217 zetas_max=0.0515749220357742 zetas_width=0.0488560894106049 zetas_t0=0.1717259780870052
Tswitch = 0.14120324235841167
