trento-args = Pb Pb --cross-section 7.0 --normalization 21.565073643429713 --reduced-thickness 0.006390330154142155 --fluctuation 1.571596434056121 --nucleon-min-dist 1.283579722210382
nucleon-width = 0.8837955183855665
tau-fs = 0.7482105751919753
hydro-args = etas_hrg=0.15130557965564076 etas_min=0.0759447839724832 etas_slope=1.732686113415288 etas_curv=-0.2141148664893593 zetas_max=0.042007210620166706 zetas_width=0.054547394971270105 zetas_t0=0.17643676371076145
Tswitch = 0.14425285982132424
