trento-args = Pb Pb --cross-section 7.0 --normalization 20.872871082505604 --reduced-thickness 0.0071703394360646605 --fluctuation 1.1379550511607717 --nucleon-min-dist 1.2560716438808244
nucleon-width = 0.8873404991784796
tau-fs = 0.832931378814178
hydro-args = etas_hrg=0.14828964824002236 etas_min=0.10193610826209182 etas_slope=0.988052350603044 etas_curv=-0.6468119489931501 zetas_max=0.0485705242210999 zetas_width=0.0540820649810601 zetas_t0=0.17189156572162176
Tswitch = 0.15012243858454286
