trento-args = Pb Pb --cross-section 7.0 --normalization 20.987046144008573 --reduced-thickness 0.008308304466633123 --fluctuation 1.5036021610440673 --nucleon-min-dist 1.3727092339589817
nucleon-width = 0.9667652078288707
tau-fs = 1.0839285105578236
hydro-args = etas_hrg=0.15095916327875106 etas_min=0.1023639374448918 etas_slope=1.698263508966192 etas_curv=-0.7975737701907293 zetas_max=0.0344013635451905 zetas_width=0.0537903723045718 zetas_t0=0.1773961222448852
Tswitch = 0.14801495752215385
