trento-args = Pb Pb --cross-section 7.0 --normalization 21.605268491290435 --reduced-thickness 0.00758550386033207 --fluctuation 1.3000142796431982 --nucleon-min-dist 1.2990722159326047
nucleon-width = 0.9741537975809507
tau-fs = 0.7631844444236107
hydro-args = etas_hrg=0.14595933653893883 etas_min=0.10376481468789281 etas_slope=1.296213601171972 etas_curv=-0.26674044613577386 zetas_max=0.053697924702940505 zetas_width=0.0277972844867967 zetas_t0=0.1720435867109103
Tswitch = 0.15416680959746706
