trento-args = Pb Pb --cross-section 7.0 --normalization 21.083761320048353 --reduced-thickness 0.006649876167528333 --fluctuation 1.164309566260322 --nucleon-min-dist 1.2789759743263303
nucleon-width = 0.9601194573445242
tau-fs = 0.7306708962342094
hydro-args = etas_hrg=0.15336333044383674 etas_min=0.0673580709102564 etas_slope=3.0228866561912 etas_curv=-0.1353013957913034 zetas_max=0.039738608310278506 zetas_width=0.0412775020966772 zetas_t0=0.16258013242715968
Tswitch = 0.14399260355142876
