trento-args = Pb Pb --cross-section 7.0 --normalization 20.549914652381897 --reduced-thickness 0.006673998191603271 --fluctuation 1.2078813035029912 --nucleon-min-dist 1.2021813852422454
nucleon-width = 0.9037676122883114
tau-fs = 0.43655755997435586
hydro-args = etas_hrg=0.148525696868808 etas_min=0.09922438158188021 etas_slope=1.235382973998784 etas_curv=-0.19638201819528 zetas_max=0.0442147224558517 zetas_width=0.032304975430155196 zetas_t0=0.17330815595209134
Tswitch = 0.14375413838880605
