trento-args = Pb Pb --cross-section 7.0 --normalization 22.498465210927424 --reduced-thickness 0.006971407301281393 --fluctuation 1.5230585366466463 --nucleon-min-dist 1.2272660383339382
nucleon-width = 1.0242750141803343
tau-fs = 0.7588104372996006
hydro-args = etas_hrg=0.14805559264758603 etas_min=0.08142847386542701 etas_slope=2.233026809556408 etas_curv=-0.41851532883066644 zetas_max=0.0516521683245432 zetas_width=0.0679140269151423 zetas_t0=0.17193625034950674
Tswitch = 0.14855268223468682
