trento-args = Pb Pb --cross-section 7.0 --normalization 19.627498135303483 --reduced-thickness 0.006372801212738453 --fluctuation 1.0575442666685604 --nucleon-min-dist 1.3787055758023004
nucleon-width = 0.9278963488552971
tau-fs = 0.9647232389545435
hydro-args = etas_hrg=0.15363465647572655 etas_min=0.11502027853569019 etas_slope=1.768323082977904 etas_curv=-0.7460988778859378 zetas_max=0.0354355005007703 zetas_width=0.0443673526864499 zetas_t0=0.1867366886976175
Tswitch = 0.150353680406576
