trento-args = Pb Pb --cross-section 7.0 --normalization 20.784735330914963 --reduced-thickness 0.007919537555304171 --fluctuation 1.1234016427452527 --nucleon-min-dist 1.3919704915505682
nucleon-width = 0.9678306289922038
tau-fs = 0.7361970903895891
hydro-args = etas_hrg=0.14187081381030847 etas_min=0.0915059688238428 etas_slope=2.084759133845568 etas_curv=0.12714330638460725 zetas_max=0.048730964603414806 zetas_width=0.0596061200096272 zetas_t0=0.1738832068302436
Tswitch = 0.14386172296242325
