trento-args = Pb Pb --cross-section 7.0 --normalization 21.097885737353224 --reduced-thickness 0.006663689463470502 --fluctuation 2.051248527646304 --nucleon-min-dist 1.302539345034421
nucleon-width = 0.8206789679923658
tau-fs = 0.7506782808793241
hydro-args = etas_hrg=0.1564135613498278 etas_min=0.0891907849213108 etas_slope=2.826411068653688 etas_curv=-0.723145703388239 zetas_max=0.03741305144340731 zetas_width=0.05476008816324171 zetas_t0=0.16429714477022644
Tswitch = 0.1424432522519678
