trento-args = Pb Pb --cross-section 7.0 --normalization 22.931285699274298 --reduced-thickness 0.006985395167046413 --fluctuation 1.4104118036409405 --nucleon-min-dist 1.2918060435102137
nucleon-width = 0.9489793156292545
tau-fs = 0.6921970986100198
hydro-args = etas_hrg=0.15239158810720316 etas_min=0.11103813527328901 etas_slope=1.28796835818328 etas_curv=-1.05458946114108 zetas_max=0.0747263640682213 zetas_width=0.0451287711109035 zetas_t0=0.18591892138214317
Tswitch = 0.15165496893413366
