trento-args = Pb Pb --cross-section 7.0 --normalization 22.404538929883635 --reduced-thickness 0.00726277529237233 --fluctuation 0.8095391857806492 --nucleon-min-dist 1.192870330722203
nucleon-width = 1.0451110940612651
tau-fs = 0.6725171432018844
hydro-args = etas_hrg=0.15377482293913142 etas_min=0.0764751161332242 etas_slope=2.046568741152064 etas_curv=-0.05973161738011945 zetas_max=0.038039116898039405 zetas_width=0.0478335068863817 zetas_t0=0.1666475509187905
Tswitch = 0.14731245581081137
