trento-args = Pb Pb --cross-section 7.0 --normalization 19.701884136505544 --reduced-thickness 0.006303151002169028 --fluctuation 1.0484425824306198 --nucleon-min-dist 1.0902016643890524
nucleon-width = 1.0725725804798971
tau-fs = 0.5516786876945431
hydro-args = etas_hrg=0.15249863417551854 etas_min=0.0740882427887992 etas_slope=1.39620625116676 etas_curv=-0.08692866382459297 zetas_max=0.0599392491685692 zetas_width=0.0552220625779592 zetas_t0=0.17449144855507184
Tswitch = 0.1552981736884313
