trento-args = Pb Pb --cross-section 7.0 --normalization 21.282590107393172 --reduced-thickness 0.006776299328574166 --fluctuation 1.6713074339804317 --nucleon-min-dist 1.107263293149304
nucleon-width = 0.8690102660069241
tau-fs = 0.7915883811333916
hydro-args = etas_hrg=0.1470621471131919 etas_min=0.156142264449969 etas_slope=1.754637484898792 etas_curv=-0.007041560768149102 zetas_max=0.048040760511765306 zetas_width=0.0675081911518704 zetas_t0=0.16546383388696706
Tswitch = 0.15139120250049515
