trento-args = Pb Pb --cross-section 7.0 --normalization 22.129216514929013 --reduced-thickness 0.007078089592121542 --fluctuation 2.2182717513661108 --nucleon-min-dist 1.310932351469771
nucleon-width = 1.1232112294521954
tau-fs = 1.0115474950839993
hydro-args = etas_hrg=0.153935736312191 etas_min=0.1186431522094644 etas_slope=2.605798534415664 etas_curv=-0.5167844695364601 zetas_max=0.0695669536031317 zetas_width=0.041897283156774906 zetas_t0=0.1796792400457198
Tswitch = 0.14804074470296502
