trento-args = Pb Pb --cross-section 7.0 --normalization 19.125982114049012 --reduced-thickness 0.006512651765763012 --fluctuation 1.0145651629708663 --nucleon-min-dist 1.33658137967269
nucleon-width = 0.9876052734633873
tau-fs = 0.9171836187705029
hydro-args = etas_hrg=0.1436578240135079 etas_min=0.14541150187235322 etas_slope=2.296621127771212 etas_curv=-0.4542701713177838 zetas_max=0.031556235077884 zetas_width=0.0599275752948597 zetas_t0=0.1683747705850983
Tswitch = 0.14631006750871428
