trento-args = Pb Pb --cross-section 7.0 --normalization 20.802529681529464 --reduced-thickness 0.007535039888185633 --fluctuation 0.7768130344894808 --nucleon-min-dist 1.3402461741105975
nucleon-width = 0.8300756582997967
tau-fs = 0.6217466368031506
hydro-args = etas_hrg=0.14845827112429777 etas_min=0.078773269846756 etas_slope=2.705698729468508 etas_curv=-0.4281941628010951 zetas_max=0.0601653105521109 zetas_width=0.034792183881346105 zetas_t0=0.18438221774445845
Tswitch = 0.1559299741956359
