trento-args = Pb Pb --cross-section 7.0 --normalization 22.64078543987086 --reduced-thickness 0.0084415644028306 --fluctuation 1.8316748889100642 --nucleon-min-dist 1.3570095800820585
nucleon-width = 0.9647608954067124
tau-fs = 0.30459689285748615
hydro-args = etas_hrg=0.1600313345538173 etas_min=0.0791880231563002 etas_slope=1.97304480136372 etas_curv=-0.27871819253261165 zetas_max=0.047802260405523704 zetas_width=0.0744731145125348 zetas_t0=0.18155099464231172
Tswitch = 0.1457007714103209
