trento-args = Pb Pb --cross-section 7.0 --normalization 22.08565035601979 --reduced-thickness 0.008861110487717018 --fluctuation 0.9315523175623237 --nucleon-min-dist 1.1922313302831729
nucleon-width = 0.9196710030846015
tau-fs = 0.7173903884950792
hydro-args = etas_hrg=0.14887044134130703 etas_min=0.0561836217410862 etas_slope=1.795031406175344 etas_curv=0.3060304517707326 zetas_max=0.056272246777312795 zetas_width=0.0568352113024332 zetas_t0=0.1845091374996118
Tswitch = 0.1459697338970192
