trento-args = Pb Pb --cross-section 7.0 --normalization 18.774474640086794 --reduced-thickness 0.006564833457706871 --fluctuation 1.159166047635274 --nucleon-min-dist 1.316904316453606
nucleon-width = 0.9226479288889007
tau-fs = 1.166086698648236
hydro-args = etas_hrg=0.1474570438736491 etas_min=0.08978437426844621 etas_slope=1.21185058371164 etas_curv=0.2875416622266642 zetas_max=0.0350135530604515 zetas_width=0.0729085190857295 zetas_t0=0.166803764490271
Tswitch = 0.1520007076272089
