trento-args = Pb Pb --cross-section 7.0 --normalization 19.389460409843803 --reduced-thickness 0.005270312182871254 --fluctuation 0.8731249575643872 --nucleon-min-dist 1.2866469742843452
nucleon-width = 0.81601196602673
tau-fs = 0.9584274993129686
hydro-args = etas_hrg=0.14313199194554238 etas_min=0.15879245719090102 etas_slope=1.448075310016052 etas_curv=0.12314896622532867 zetas_max=0.0317984534740448 zetas_width=0.06203251293129291 zetas_t0=0.1811429377738852
Tswitch = 0.15147239459026607
