trento-args = Pb Pb --cross-section 7.0 --normalization 19.960671464346866 --reduced-thickness 0.005999583676587043 --fluctuation 1.0317629439795262 --nucleon-min-dist 1.1460910852843256
nucleon-width = 0.8971278701672164
tau-fs = 0.9560092939700146
hydro-args = etas_hrg=0.15003068399901967 etas_min=0.082913797937613 etas_slope=3.024441178116948 etas_curv=-0.03403681103177458 zetas_max=0.055912345335306604 zetas_width=0.04601426186673341 zetas_t0=0.17840910477924626
Tswitch = 0.146614177590427
