trento-args = Pb Pb --cross-section 7.0 --normalization 22.22060557294977 --reduced-thickness 0.006953338835380223 --fluctuation 0.9992236831352244 --nucleon-min-dist 1.326809208343217
nucleon-width = 0.9019142350277422
tau-fs = 0.49336652455567387
hydro-args = etas_hrg=0.15523580196220893 etas_min=0.13157469419743859 etas_slope=1.434048927139492 etas_curv=-1.0083797300208368 zetas_max=0.0324538843129296 zetas_width=0.0466718570825178 zetas_t0=0.16590617830506524
Tswitch = 0.1524121343618352
