trento-args = Pb Pb --cross-section 7.0 --normalization 20.34995650712941 --reduced-thickness 0.007306995053450019 --fluctuation 1.3764968124344288 --nucleon-min-dist 1.3889061470846067
nucleon-width = 1.0476183697963433
tau-fs = 0.6442302654199396
hydro-args = etas_hrg=0.15136623236584013 etas_min=0.1125876864520832 etas_slope=1.621233278257772 etas_curv=-0.18071278327982854 zetas_max=0.046017120233085004 zetas_width=0.033414386188658 zetas_t0=0.1673301475247834
Tswitch = 0.14350798363924028
