trento-args = Pb Pb --cross-section 7.0 --normalization 21.485732757198036 --reduced-thickness 0.006279939252886549 --fluctuation 1.7739578391153494 --nucleon-min-dist 1.2762454131393732
nucleon-width = 0.8552601862635664
tau-fs = 0.7335782262119094
hydro-args = etas_hrg=0.14498104357754812 etas_min=0.1145482494639232 etas_slope=1.47397194571048 etas_curv=-0.03531747897127757 zetas_max=0.0406238318813499 zetas_width=0.043007388139423 zetas_t0=0.1852924266888527
Tswitch = 0.15645278897108977
