trento-args = Pb Pb --cross-section 7.0 --normalization 21.983942002939557 --reduced-thickness 0.006248857571753485 --fluctuation 0.8916781973270386 --nucleon-min-dist 1.3097688515516295
nucleon-width = 0.9419208001326591
tau-fs = 0.8598370274999506
hydro-args = etas_hrg=0.15457285496508702 etas_min=0.0716366356161424 etas_slope=1.056899290576576 etas_curv=-0.008728897723787599 zetas_max=0.055751292072515904 zetas_width=0.051909320130385496 zetas_t0=0.19641331523242406
Tswitch = 0.14882701112538113
