trento-args = Pb Pb --cross-section 7.0 --normalization 21.191627264179818 --reduced-thickness 0.007089410249031336 --fluctuation 1.1285777353777044 --nucleon-min-dist 1.4239195170405596
nucleon-width = 0.8247309684162071
tau-fs = 1.1116191825758757
hydro-args = etas_hrg=0.14681457041689194 etas_min=0.0846323228583672 etas_slope=2.39723106148094 etas_curv=-0.1761401813197887 zetas_max=0.07372899120561781 zetas_width=0.057583394922968004 zetas_t0=0.17536449580811894
Tswitch = 0.15037869714824484
