trento-args = Pb Pb --cross-section 7.0 --normalization 19.52092017097359 --reduced-thickness 0.006929496388723328 --fluctuation 1.4522992518255624 --nucleon-min-dist 1.2309027864061912
nucleon-width = 1.1032079823213752
tau-fs = 1.2439656720265746
hydro-args = etas_hrg=0.14567060183811933 etas_min=0.1105520090691746 etas_slope=2.179724899787456 etas_curv=-0.1488142982102929 zetas_max=0.0410017345484812 zetas_width=0.031184762081410702 zetas_t0=0.19170160320249852
Tswitch = 0.1537188119488489
