trento-args = Pb Pb --cross-section 7.0 --normalization 24.00145200470631 --reduced-thickness 0.005971923824905976 --fluctuation 0.886382833343384 --nucleon-min-dist 1.1237405140323535
nucleon-width = 0.9906254682139584
tau-fs = 0.7212013622359419
hydro-args = etas_hrg=0.15812937925709414 etas_min=0.138240287837293 etas_slope=1.93832579856366 etas_curv=-0.22543700421364177 zetas_max=0.0555714036093093 zetas_width=0.0315512778738979 zetas_t0=0.1714038755540503
Tswitch = 0.15568942112408113
