trento-args = Pb Pb --cross-section 7.0 --normalization 20.133972782631798 --reduced-thickness 0.007625138254633172 --fluctuation 1.8577913008033597 --nucleon-min-dist 1.1605302421232027
nucleon-width = 0.8294278615018842
tau-fs = 1.050876492553326
hydro-args = etas_hrg=0.14984489089633338 etas_min=0.15184565202072262 etas_slope=2.882805017389356 etas_curv=-0.12600055525326193 zetas_max=0.07760574552784671 zetas_width=0.0667444547708146 zetas_t0=0.1861999078523135
Tswitch = 0.15005595169468783
