trento-args = Pb Pb --cross-section 7.0 --normalization 18.93681588449642 --reduced-thickness 0.007091861192292347 --fluctuation 0.9893843793593 --nucleon-min-dist 1.3035856632362834
nucleon-width = 0.9499823224531416
tau-fs = 0.6973070220674763
hydro-args = etas_hrg=0.16043420723383314 etas_min=0.0658656879452988 etas_slope=2.07283973087184 etas_curv=-0.4675415990493267 zetas_max=0.0744008759811055 zetas_width=0.0658345723252743 zetas_t0=0.17770660476803316
Tswitch = 0.15118799562952484
