trento-args = Pb Pb --cross-section 7.0 --normalization 18.86089312969184 --reduced-thickness 0.0064849973352804745 --fluctuation 1.082727666705691 --nucleon-min-dist 1.3937865084337318
nucleon-width = 0.8943388216341015
tau-fs = 0.5059839777715548
hydro-args = etas_hrg=0.14913321466783527 etas_min=0.01602525521321222 etas_slope=1.85479310620576 etas_curv=-0.10262931068809822 zetas_max=0.0371070677252486 zetas_width=0.0338480175500736 zetas_t0=0.1687737661989406
Tswitch = 0.15266787010872737
