trento-args = Pb Pb --cross-section 7.0 --normalization 20.93870289065913 --reduced-thickness 0.005788471424614637 --fluctuation 1.5092310510999944 --nucleon-min-dist 1.4001042390114997
nucleon-width = 1.0377243774750808
tau-fs = 0.8286335205994081
hydro-args = etas_hrg=0.1380173277500784 etas_min=0.10457525290474301 etas_slope=3.506765934951604 etas_curv=-0.05490079542701243 zetas_max=0.027394974447833398 zetas_width=0.06578901874879371 zetas_t0=0.1656743240425363
Tswitch = 0.14407621164683718
