trento-args = Pb Pb --cross-section 7.0 --normalization 21.57249437719115 --reduced-thickness 0.006550273026726021 --fluctuation 0.8025654590806106 --nucleon-min-dist 1.3761468319167287
nucleon-width = 0.9058972283345791
tau-fs = 1.0724413604135343
hydro-args = etas_hrg=0.14544290454377423 etas_min=0.10076260719252741 etas_slope=2.569641180153936 etas_curv=-0.5368498996065939 zetas_max=0.012846146597387302 zetas_width=0.07097272837343631 zetas_t0=0.18962906119115652
Tswitch = 0.1512048895347258
