trento-args = Pb Pb --cross-section 7.0 --normalization 23.17858843058075 --reduced-thickness 0.006600841777704283 --fluctuation 1.1319988114139672 --nucleon-min-dist 1.2687447347510803
nucleon-width = 0.9892304098084828
tau-fs = 1.0444565188514063
hydro-args = etas_hrg=0.15217384627099614 etas_min=0.11670806236229841 etas_slope=2.294693805845456 etas_curv=-0.7019601998950352 zetas_max=0.0640812139251735 zetas_width=0.05344899401515721 zetas_t0=0.16898728592887055
Tswitch = 0.14097588333409747
