trento-args = Pb Pb --cross-section 7.0 --normalization 23.30439197468166 --reduced-thickness 0.008246513473850114 --fluctuation 1.042536870834579 --nucleon-min-dist 1.304750104788361
nucleon-width = 0.9527342668061162
tau-fs = 0.514567622882626
hydro-args = etas_hrg=0.14950005038648845 etas_min=0.168251973355934 etas_slope=3.500371835350992 etas_curv=-0.11520164574771274 zetas_max=0.030061940887616902 zetas_width=0.0753475351082627 zetas_t0=0.1595426840575179
Tswitch = 0.1544757215907192
