trento-args = Pb Pb --cross-section 7.0 --normalization 18.906839650185212 --reduced-thickness 0.005852808701177312 --fluctuation 1.1712413158104635 --nucleon-min-dist 1.0441554657412984
nucleon-width = 0.7999548598508172
tau-fs = 0.8969959414192143
hydro-args = etas_hrg=0.15491781562949997 etas_min=0.0631258170014248 etas_slope=2.025161420844496 etas_curv=-0.3430174779980436 zetas_max=0.029806742922123503 zetas_width=0.0719072935529519 zetas_t0=0.1618579823812237
Tswitch = 0.15458216146246065
