trento-args = Pb Pb --cross-section 7.0 --normalization 21.666721623232217 --reduced-thickness 0.006718600939359887 --fluctuation 1.1154248622808893 --nucleon-min-dist 1.35961993562328
nucleon-width = 1.0651963297737663
tau-fs = 1.376841973472689
hydro-args = etas_hrg=0.1422119947496429 etas_min=0.0726027390722186 etas_slope=2.694407071283088 etas_curv=-0.32089484411599023 zetas_max=0.0473123772959225 zetas_width=0.025229492965433697 zetas_t0=0.16637613615675365
Tswitch = 0.14974022929283326
