trento-args = Pb Pb --cross-section 7.0 --normalization 23.64170943185577 --reduced-thickness 0.007206265325604005 --fluctuation 1.43142677228522 --nucleon-min-dist 1.1672047050566645
nucleon-width = 0.8931585278846882
tau-fs = 0.889053031533365
hydro-args = etas_hrg=0.1621679972627666 etas_min=0.0739773812714032 etas_slope=1.072603743685408 etas_curv=-0.26062133850161984 zetas_max=0.0154923246635124 zetas_width=0.0539638308635913 zetas_t0=0.17825917487773116
Tswitch = 0.14510368289067876
