trento-args = Pb Pb --cross-section 7.0 --normalization 19.373236706586162 --reduced-thickness 0.005656249380238352 --fluctuation 0.9266377072806962 --nucleon-min-dist 1.1177654208895105
nucleon-width = 0.9121755797076174
tau-fs = 0.3086698002050168
hydro-args = etas_hrg=0.14535455741384068 etas_min=0.143417855473701 etas_slope=0.651939588757232 etas_curv=-0.5614093184015706 zetas_max=0.026118879440287103 zetas_width=0.0735837919972837 zetas_t0=0.16527194028908854
Tswitch = 0.15409848613881974
