trento-args = Pb Pb --cross-section 7.0 --normalization 17.776691545843875 --reduced-thickness 0.007845461440769586 --fluctuation 1.5758809268611815 --nucleon-min-dist 1.2681434834351863
nucleon-width = 0.9563968079341131
tau-fs = 0.2803092613231245
hydro-args = etas_hrg=0.14646404629463333 etas_min=0.1366093388721346 etas_slope=0.728572558995336 etas_curv=0.11349170351563909 zetas_max=0.06728348267297261 zetas_width=0.030597414612351 zetas_t0=0.1737692611186998
Tswitch = 0.14062824490678033
