trento-args = Pb Pb --cross-section 7.0 --normalization 20.237404553435546 --reduced-thickness 0.006209678384044022 --fluctuation 1.3491683862380888 --nucleon-min-dist 1.2936502541477661
nucleon-width = 1.0027769515541827
tau-fs = 0.3494208668980333
hydro-args = etas_hrg=0.1468471104487544 etas_min=0.1339313187840394 etas_slope=2.037600229144096 etas_curv=-0.6322864872207409 zetas_max=0.0614594959381968 zetas_width=0.0329639165482484 zetas_t0=0.1900228004069766
Tswitch = 0.14580125899039675
