trento-args = Pb Pb --cross-section 7.0 --normalization 22.32508495245416 --reduced-thickness 0.0071177593462836 --fluctuation 2.4647053930531424 --nucleon-min-dist 1.2574092534312244
nucleon-width = 0.8811003488904833
tau-fs = 0.44096070544461785
hydro-args = etas_hrg=0.1527206702659093 etas_min=0.06183101458018641 etas_slope=0.865540405882524 etas_curv=0.013348196042840543 zetas_max=0.0714526641584467 zetas_width=0.07953477267404091 zetas_t0=0.17165608063258694
Tswitch = 0.1520818176620314
