trento-args = Pb Pb --cross-section 7.0 --normalization 18.486915107915713 --reduced-thickness 0.008083419748383017 --fluctuation 0.695258064380616 --nucleon-min-dist 1.3468985553991302
nucleon-width = 1.0256938556804767
tau-fs = 0.5329535027684876
hydro-args = etas_hrg=0.14127067489387002 etas_min=0.0961826746131294 etas_slope=1.55985378168896 etas_curv=-0.13923834751583586 zetas_max=0.0685842054923531 zetas_width=0.055413491972303 zetas_t0=0.18539669145557566
Tswitch = 0.14502390657731798
