trento-args = Pb Pb --cross-section 7.0 --normalization 19.99461498360897 --reduced-thickness 0.0081705149677854 --fluctuation 0.8513811464040442 --nucleon-min-dist 1.3686280657443717
nucleon-width = 0.8595812260224546
tau-fs = 1.2733546635703514
hydro-args = etas_hrg=0.15649475241287145 etas_min=0.1013672232836484 etas_slope=2.635849828846752 etas_curv=0.5422596849245955 zetas_max=0.04942302350900141 zetas_width=0.07801323091248051 zetas_t0=0.18775686532608235
Tswitch = 0.16010745371843688
