trento-args = Pb Pb --cross-section 7.0 --normalization 19.904652936212738 --reduced-thickness 0.007030010822840034 --fluctuation 1.9068446590596442 --nucleon-min-dist 1.2842629477547118
nucleon-width = 0.915965385549887
tau-fs = 0.8037504874017274
hydro-args = etas_hrg=0.14309145623554476 etas_min=0.053691716658324 etas_slope=1.525256832174956 etas_curv=-0.868438456087093 zetas_max=0.061753320714831396 zetas_width=0.0407070063588675 zetas_t0=0.17273155113786925
Tswitch = 0.1422020904877223
