trento-args = Pb Pb --cross-section 7.0 --normalization 21.687402086807793 --reduced-thickness 0.005809822222986443 --fluctuation 0.7989167206504899 --nucleon-min-dist 1.1056966408108766
nucleon-width = 0.8918826200194879
tau-fs = 0.8204201956509057
hydro-args = etas_hrg=0.14249246051135941 etas_min=0.11353338736807922 etas_slope=0.923762004027144 etas_curv=-0.35879982128655663 zetas_max=0.0900886541983578 zetas_width=0.06728627211279241 zetas_t0=0.1783214407900814
Tswitch = 0.15843955334140455
