trento-args = Pb Pb --cross-section 7.0 --normalization 20.339965510963417 --reduced-thickness 0.009156433770569787 --fluctuation 1.332166176689642 --nucleon-min-dist 1.2636086237194557
nucleon-width = 0.930357064816415
tau-fs = 0.49577970548661887
hydro-args = etas_hrg=0.15143951160010882 etas_min=0.08333469558274381 etas_slope=3.179181206820532 etas_curv=0.05847719995807954 zetas_max=0.0698884166001808 zetas_width=0.0390223009101115 zetas_t0=0.1599934399341466
Tswitch = 0.15354661819780246
