trento-args = Pb Pb --cross-section 7.0 --normalization 18.024095903730327 --reduced-thickness 0.00835580300274752 --fluctuation 1.4192430482578795 --nucleon-min-dist 1.4487772511534847
nucleon-width = 1.1352637621080361
tau-fs = 1.0689368846396592
hydro-args = etas_hrg=0.14410734067324082 etas_min=0.051699543292448004 etas_slope=0.788243092408404 etas_curv=-0.2856253252997989 zetas_max=0.04674793698433791 zetas_width=0.0548624050135724 zetas_t0=0.1858196767993504
Tswitch = 0.15215339497814423
