trento-args = Pb Pb --cross-section 7.0 --normalization 23.26812231115072 --reduced-thickness 0.0060131253790222106 --fluctuation 1.5857325382863787 --nucleon-min-dist 1.1385150098888424
nucleon-width = 1.006009799236938
tau-fs = 0.6565601861946795
hydro-args = etas_hrg=0.14988211232304108 etas_min=0.0665620602319018 etas_slope=2.686275207446888 etas_curv=-0.8024798417530952 zetas_max=0.036913130961777604 zetas_width=0.043956812915392204 zetas_t0=0.1669680955564836
Tswitch = 0.15516543004883454
