trento-args = Pb Pb --cross-section 7.0 --normalization 18.493578070556083 --reduced-thickness 0.0075634180850457375 --fluctuation 2.3225358272660164 --nucleon-min-dist 1.0938870200515063
nucleon-width = 0.9967790244309062
tau-fs = 0.9829584024500383
hydro-args = etas_hrg=0.1546296122783795 etas_min=0.060998166408576006 etas_slope=2.103408408511428 etas_curv=0.17999828441413168 zetas_max=0.056743519082013506 zetas_width=0.0727942057277076 zetas_t0=0.17655738191036505
Tswitch = 0.15674978973768186
