trento-args = Pb Pb --cross-section 7.0 --normalization 20.214181805109785 --reduced-thickness 0.006415874201879649 --fluctuation 0.7836355443292429 --nucleon-min-dist 1.1403973429445389
nucleon-width = 1.10617586310277
tau-fs = 0.9739772311004803
hydro-args = etas_hrg=0.14543512145650572 etas_min=0.18741682183025402 etas_slope=2.20810759806074 etas_curv=-0.6643565472488283 zetas_max=0.028652564661111702 zetas_width=0.0654276793580502 zetas_t0=0.18126212207651696
Tswitch = 0.15467568417170552
