trento-args = Pb Pb --cross-section 7.0 --normalization 21.73021990334681 --reduced-thickness 0.008470283034473659 --fluctuation 1.5447648396696365 --nucleon-min-dist 1.404068748443997
nucleon-width = 0.8802479538750491
tau-fs = 0.707437642157413
hydro-args = etas_hrg=0.15472101697785315 etas_min=0.07316788289509721 etas_slope=2.060603814834728 etas_curv=-0.19510122609553027 zetas_max=0.027167131682019702 zetas_width=0.054218096335791104 zetas_t0=0.1792202230530558
Tswitch = 0.1571308968846593
