trento-args = Pb Pb --cross-section 7.0 --normalization 21.96666675008254 --reduced-thickness 0.00788745573590249 --fluctuation 1.9360019219662097 --nucleon-min-dist 1.274475779083835
nucleon-width = 0.816952124738594
tau-fs = 0.9321442979603164
hydro-args = etas_hrg=0.14550730791228822 etas_min=0.04797273821095 etas_slope=3.142298348760232 etas_curv=-0.7561862851927514 zetas_max=0.0250009262691252 zetas_width=0.0113121644280385 zetas_t0=0.16213215883797966
Tswitch = 0.1443011152505642
