trento-args = Pb Pb --cross-section 7.0 --normalization 17.992052062121566 --reduced-thickness 0.006865268752150239 --fluctuation 2.0899737400039538 --nucleon-min-dist 1.442919580518242
nucleon-width = 1.009500744748622
tau-fs = 0.5496552030454765
hydro-args = etas_hrg=0.15564135359779 etas_min=0.0779541300608776 etas_slope=2.01644348246418 etas_curv=0.0833389248145735 zetas_max=0.0804926053552423 zetas_width=0.046474670927925 zetas_t0=0.18469149169174492
Tswitch = 0.13550490913988092
