trento-args = Pb Pb --cross-section 7.0 --normalization 20.097240192713787 --reduced-thickness 0.008106389255837353 --fluctuation 0.917542655021594 --nucleon-min-dist 1.30175697178767
nucleon-width = 1.133876043889681
tau-fs = 1.1386943904430515
hydro-args = etas_hrg=0.15314163481055293 etas_min=0.10674401086093861 etas_slope=2.506178786521776 etas_curv=0.4304187854558692 zetas_max=0.041977809000387806 zetas_width=0.0642587884198409 zetas_t0=0.18339575770203956
Tswitch = 0.1433023075595219
