trento-args = Pb Pb --cross-section 7.0 --normalization 22.724585219593536 --reduced-thickness 0.008699799437003209 --fluctuation 1.120780013911662 --nucleon-min-dist 1.2805720914927288
nucleon-width = 1.1136426141676288
tau-fs = 0.5692800075354143
hydro-args = etas_hrg=0.15406214713402558 etas_min=0.06903951789941641 etas_slope=1.537484883332624 etas_curv=0.4733990664882115 zetas_max=0.06787112807170491 zetas_width=0.052367055439949 zetas_t0=0.15689588524498974
Tswitch = 0.13768438255183865
