trento-args = Pb Pb --cross-section 7.0 --normalization 20.89261236743062 --reduced-thickness 0.0073830656214684265 --fluctuation 0.8067045351304015 --nucleon-min-dist 1.1371908881169672
nucleon-width = 1.0984631914162322
tau-fs = 1.08712190298806
hydro-args = etas_hrg=0.1591774233928509 etas_min=0.1331709357226268 etas_slope=1.612747297856956 etas_curv=-0.3555597216024059 zetas_max=0.061804569885367505 zetas_width=0.07848730735224671 zetas_t0=0.16607526794844304
Tswitch = 0.16162783623732627
