trento-args = Pb Pb --cross-section 7.0 --normalization 19.73884988888654 --reduced-thickness 0.006167339520347493 --fluctuation 0.9438287380536888 --nucleon-min-dist 1.494201919998476
nucleon-width = 1.0801241863624231
tau-fs = 1.029336910954951
hydro-args = etas_hrg=0.15817891409592702 etas_min=0.1115391750770622 etas_slope=2.191990390423684 etas_curv=-0.7616312961476863 zetas_max=0.0531138049375732 zetas_width=0.0268109160909429 zetas_t0=0.16818749140431175
Tswitch = 0.15301664511036595
