trento-args = Pb Pb --cross-section 7.0 --normalization 19.218103633790935 --reduced-thickness 0.005258125834924726 --fluctuation 1.2336740880192165 --nucleon-min-dist 1.244439179654682
nucleon-width = 0.9031391909092078
tau-fs = 0.4208391960489192
hydro-args = etas_hrg=0.16045979646103925 etas_min=0.1223178854524158 etas_slope=1.247743399949744 etas_curv=0.14642400650726572 zetas_max=0.0387858260749839 zetas_width=0.047339505613595206 zetas_t0=0.17248931215212215
Tswitch = 0.14419330140937586
