trento-args = Pb Pb --cross-section 7.0 --normalization 22.628527628691252 --reduced-thickness 0.008216722602235526 --fluctuation 0.8337827148254403 --nucleon-min-dist 1.4392943212471145
nucleon-width = 0.873834901834197
tau-fs = 0.6538249872731505
hydro-args = etas_hrg=0.15434979528555182 etas_min=0.09586845698114481 etas_slope=1.587575970912352 etas_curv=-0.021241459735482637 zetas_max=0.0721028603656683 zetas_width=0.030992589307110803 zetas_t0=0.15415234409084078
Tswitch = 0.16017363705687226
