trento-args = Pb Pb --cross-section 7.0 --normalization 21.93979019902165 --reduced-thickness 0.005709330061560126 --fluctuation 0.7317803686016151 --nucleon-min-dist 1.2940731136485504
nucleon-width = 0.9377640709135893
tau-fs = 1.3178616834868078
hydro-args = etas_hrg=0.1503070651393896 etas_min=0.057166270158812406 etas_slope=0.887822682471944 etas_curv=-0.5788473754462792 zetas_max=0.033828549298038704 zetas_width=0.047647176911775 zetas_t0=0.17150837435540744
Tswitch = 0.14783673484020868
