trento-args = Pb Pb --cross-section 7.0 --normalization 23.756496392817688 --reduced-thickness 0.005011024919709564 --fluctuation 0.9020460154144752 --nucleon-min-dist 1.3225483613494657
nucleon-width = 1.1800912328997046
tau-fs = 0.7193841815116954
hydro-args = etas_hrg=0.14816218521717936 etas_min=0.068388419246208 etas_slope=2.341511661931872 etas_curv=0.4024170897319903 zetas_max=0.0648410925812088 zetas_width=0.016534644956002 zetas_t0=0.17528298348183746
Tswitch = 0.16149282835807185
