trento-args = Pb Pb --cross-section 7.0 --normalization 20.99142644518483 --reduced-thickness 0.006870878372421117 --fluctuation 1.387542683330994 --nucleon-min-dist 1.1284364122474773
nucleon-width = 0.7761577551977019
tau-fs = 0.29365668834176384
hydro-args = etas_hrg=0.15159057784016244 etas_min=0.132051000032667 etas_slope=3.49258372250758 etas_curv=0.2521402104902555 zetas_max=0.018404271104792102 zetas_width=0.0394035833782516 zetas_t0=0.17580889381165615
Tswitch = 0.14766248912039215
