trento-args = Pb Pb --cross-section 7.0 --normalization 24.241597910386915 --reduced-thickness 0.006452793481650577 --fluctuation 1.2954831749962874 --nucleon-min-dist 1.3477050173061997
nucleon-width = 1.054801264064343
tau-fs = 0.8005735967277735
hydro-args = etas_hrg=0.14197135223945137 etas_min=0.11637461572876201 etas_slope=0.972532685358076 etas_curv=0.42941972292009734 zetas_max=0.0763450040816795 zetas_width=0.060593323711725 zetas_t0=0.16912362840774006
Tswitch = 0.1547006470447127
