trento-args = Pb Pb --cross-section 7.0 --normalization 22.937233056893337 --reduced-thickness 0.006067008912049232 --fluctuation 1.0039679523660567 --nucleon-min-dist 1.425366170883022
nucleon-width = 0.9109012731193082
tau-fs = 0.7021547007187782
hydro-args = etas_hrg=0.15322195814577397 etas_min=0.0466442909575068 etas_slope=3.003896769251676 etas_curv=0.5670877195775972 zetas_max=0.06475129365581091 zetas_width=0.0692433530110866 zetas_t0=0.16673009356213736
Tswitch = 0.1430652145674918
