trento-args = Pb Pb --cross-section 7.0 --normalization 22.028567803245863 --reduced-thickness 0.007255307862857729 --fluctuation 0.6861054734967428 --nucleon-min-dist 1.2287388231235243
nucleon-width = 0.7535292411398422
tau-fs = 0.26456616039911734
hydro-args = etas_hrg=0.14762589319477323 etas_min=0.052403139815852 etas_slope=2.565448806243016 etas_curv=-0.8477142943661665 zetas_max=0.05490388720314951 zetas_width=0.061274410122307 zetas_t0=0.1685669427092187
Tswitch = 0.1571877516292641
