trento-args = Pb Pb --cross-section 7.0 --normalization 23.20833838912482 --reduced-thickness 0.00798274101671055 --fluctuation 0.9222670747539282 --nucleon-min-dist 1.4219218447625361
nucleon-width = 0.8228701526306923
tau-fs = 0.874299999943482
hydro-args = etas_hrg=0.1388479353370797 etas_min=0.154504854818061 etas_slope=1.570014164660124 etas_curv=-0.09538926642546408 zetas_max=0.0385612858402077 zetas_width=0.035711500409105805 zetas_t0=0.16011344422244
Tswitch = 0.13814898477714044
