trento-args = Pb Pb --cross-section 7.0 --normalization 21.27700382713903 --reduced-thickness 0.009178768324557317 --fluctuation 1.0594714463375574 --nucleon-min-dist 1.214225484061924
nucleon-width = 0.9828682015406011
tau-fs = 1.370619998343182
hydro-args = etas_hrg=0.1411567760065198 etas_min=0.08745169471157721 etas_slope=2.348063439389692 etas_curv=0.16209582194704497 zetas_max=0.0863003722355701 zetas_width=0.0837697733238339 zetas_t0=0.17660701397492085
Tswitch = 0.14952830945220777
