trento-args = Pb Pb --cross-section 7.0 --normalization 17.92851707469277 --reduced-thickness 0.007772547094579786 --fluctuation 1.61900126879782 --nucleon-min-dist 1.333209146060555
nucleon-width = 0.8390691113424851
tau-fs = 0.9144296254762404
hydro-args = etas_hrg=0.14254804639897778 etas_min=0.1540623692859896 etas_slope=2.400052838904784 etas_curv=-1.1046233830005863 zetas_max=0.0463267892403994 zetas_width=0.0646703965642955 zetas_t0=0.173940422862838
Tswitch = 0.15010228966043798
