trento-args = Pb Pb --cross-section 7.0 --normalization 20.26060123754759 --reduced-thickness 0.005735485526266322 --fluctuation 1.6220358203343666 --nucleon-min-dist 1.4163236421827483
nucleon-width = 0.9926918079751799
tau-fs = 0.2163820822787471
hydro-args = etas_hrg=0.1526504554292187 etas_min=0.1407953307426534 etas_slope=2.535706978460772 etas_curv=-0.14213315187366593 zetas_max=0.0334409711480606 zetas_width=0.0789090720117558 zetas_t0=0.17975621571715455
Tswitch = 0.15360457715693862
