trento-args = Pb Pb --cross-section 7.0 --normalization 20.618066327841312 --reduced-thickness 0.006637784228829667 --fluctuation 0.9564516748569162 --nucleon-min-dist 1.3563737161286475
nucleon-width = 1.0599793861968003
tau-fs = 0.9020404638452593
hydro-args = etas_hrg=0.13850398542801384 etas_min=0.0239346565215848 etas_slope=0.872434818226844 etas_curv=0.30347945415931843 zetas_max=0.024301764516346202 zetas_width=0.0249775586330798 zetas_t0=0.16760219780972696
Tswitch = 0.1427777033376647
