trento-args = Pb Pb --cross-section 7.0 --normalization 21.991318772564462 --reduced-thickness 0.007012834413038938 --fluctuation 0.9748506595476174 --nucleon-min-dist 1.3672709451718044
nucleon-width = 1.0626706789311409
tau-fs = 0.4588459839182446
hydro-args = etas_hrg=0.14202041481094435 etas_min=0.055219680714979805 etas_slope=3.14633543784544 etas_curv=-0.8968979793578377 zetas_max=0.0382134683719371 zetas_width=0.0408083231224213 zetas_t0=0.16175837462206835
Tswitch = 0.1396639427478472
