trento-args = Pb Pb --cross-section 7.0 --normalization 19.79132214186115 --reduced-thickness 0.008513790101901442 --fluctuation 1.0285289071068675 --nucleon-min-dist 1.4295285729315068
nucleon-width = 0.785512871874815
tau-fs = 0.6285773954778543
hydro-args = etas_hrg=0.15933392949996517 etas_min=0.08659368623932821 etas_slope=3.0332798149772 etas_curv=-0.3191037462769547 zetas_max=0.0446090437737294 zetas_width=0.017644860002771 zetas_t0=0.1781241390241543
Tswitch = 0.14345587699907833
