trento-args = Pb Pb --cross-section 7.0 --normalization 20.518980078270943 --reduced-thickness 0.006473288339542595 --fluctuation 0.9706999880919874 --nucleon-min-dist 1.198505869123137
nucleon-width = 1.039506427559525
tau-fs = 0.42767336504965103
hydro-args = etas_hrg=0.15051222717152907 etas_min=0.00989183190288022 etas_slope=0.712981213714928 etas_curv=-0.882385026060651 zetas_max=0.0828376575438771 zetas_width=0.0743965590695851 zetas_t0=0.17477636290742085
Tswitch = 0.15652211780647282
