trento-args = Pb Pb --cross-section 7.0 --normalization 22.195418281694693 --reduced-thickness 0.006439853037414697 --fluctuation 2.7536251252939588 --nucleon-min-dist 1.3408157421530902
nucleon-width = 0.9229274896144808
tau-fs = 1.1160191761094007
hydro-args = etas_hrg=0.16193210179934747 etas_min=0.18122752623874702 etas_slope=0.8390173684489 etas_curv=-0.45084076260612416 zetas_max=0.06549628039998931 zetas_width=0.0384345690792892 zetas_t0=0.1675407499687746
Tswitch = 0.1516187086001225
