trento-args = Pb Pb --cross-section 7.0 --normalization 22.715529025042564 --reduced-thickness 0.005769752793614191 --fluctuation 2.0112532169854727 --nucleon-min-dist 1.3954498076535666
nucleon-width = 0.9935728493774241
tau-fs = 1.1621866772841203
hydro-args = etas_hrg=0.15200064053580165 etas_min=0.0701442982180976 etas_slope=3.17558378276974 etas_curv=-0.2292248370782466 zetas_max=0.07077570903413 zetas_width=0.04046553057106211 zetas_t0=0.17858087502024134
Tswitch = 0.1581201753230207
