trento-args = Pb Pb --cross-section 7.0 --normalization 23.054524970509092 --reduced-thickness 0.007314640693487971 --fluctuation 2.7588646835096613 --nucleon-min-dist 1.3276123062348621
nucleon-width = 1.100081402995451
tau-fs = 0.8221668496142467
hydro-args = etas_hrg=0.15015176413204986 etas_min=0.1429668771960772 etas_slope=1.867138231107964 etas_curv=-1.065899242191297 zetas_max=0.017698828677833102 zetas_width=0.0496624480631668 zetas_t0=0.1695273944071261
Tswitch = 0.1637078287845338
