trento-args = Pb Pb --cross-section 7.0 --normalization 18.812793772244675 --reduced-thickness 0.006850604265338926 --fluctuation 1.644583095777961 --nucleon-min-dist 1.2117764859135443
nucleon-width = 1.1609857015130134
tau-fs = 1.007579939777185
hydro-args = etas_hrg=0.153520934319268 etas_min=0.14219366934588182 etas_slope=0.562596801724284 etas_curv=-0.3118511542904655 zetas_max=0.021001000746060202 zetas_width=0.0389335679665208 zetas_t0=0.164659643929149
Tswitch = 0.14604701588646044
