trento-args = Pb Pb --cross-section 7.0 --normalization 17.873495218987635 --reduced-thickness 0.008151576419767362 --fluctuation 1.4684788339657122 --nucleon-min-dist 1.1116417321604914
nucleon-width = 1.0320696886824896
tau-fs = 0.7993719013862259
hydro-args = etas_hrg=0.1511292232260201 etas_min=0.0711118135236204 etas_slope=2.722122015532104 etas_curv=0.7296951745248401 zetas_max=0.0209625616769306 zetas_width=0.048040322147635706 zetas_t0=0.16388534120705445
Tswitch = 0.1406648953603115
