trento-args = Pb Pb --cross-section 7.0 --normalization 20.855804141105278 --reduced-thickness 0.007200903879047183 --fluctuation 1.8794029821341995 --nucleon-min-dist 1.3820372027074297
nucleon-width = 0.9611020020165297
tau-fs = 0.7278460146220029
hydro-args = etas_hrg=0.1408077845809143 etas_min=0.14955464591747142 etas_slope=0.2357343271356076 etas_curv=-0.08508307360648293 zetas_max=0.0363367755234707 zetas_width=0.08579648698675452 zetas_t0=0.1884836192596238
Tswitch = 0.15389076928633266
