trento-args = Pb Pb --cross-section 7.0 --normalization 21.911333116807214 --reduced-thickness 0.007477355312561988 --fluctuation 1.713762200901714 --nucleon-min-dist 1.4706866937176366
nucleon-width = 0.7817433282388985
tau-fs = 0.44281689558517157
hydro-args = etas_hrg=0.15196936419967097 etas_min=0.012149508243147282 etas_slope=0.911651475131512 etas_curv=-0.6721885464019606 zetas_max=0.0372580111071933 zetas_width=0.0661320741085336 zetas_t0=0.1644245044834679
Tswitch = 0.1431346436590003
