trento-args = Pb Pb --cross-section 7.0 --normalization 20.449867261157333 --reduced-thickness 0.00817919931281507 --fluctuation 0.8628570721349406 --nucleon-min-dist 1.3146622624202935
nucleon-width = 0.926921670481941
tau-fs = 0.759508632133417
hydro-args = etas_hrg=0.14422179293448106 etas_min=0.16672372898422183 etas_slope=0.76339698194526 etas_curv=-0.556677995921531 zetas_max=0.0696629460587632 zetas_width=0.0694980617779307 zetas_t0=0.15290135826640763
Tswitch = 0.14878792321532966
