trento-args = Pb Pb --cross-section 7.0 --normalization 20.009839839043146 --reduced-thickness 0.007106680051146446 --fluctuation 1.384549434656041 --nucleon-min-dist 1.4842158707031994
nucleon-width = 1.1143813782467717
tau-fs = 0.33298653064072636
hydro-args = etas_hrg=0.1505830375070544 etas_min=0.1746815311136656 etas_slope=2.16703352759406 etas_curv=0.2555637315040915 zetas_max=0.080276437268313 zetas_width=0.0580294886151329 zetas_t0=0.15934499971414914
Tswitch = 0.14603306963943413
