trento-args = Pb Pb --cross-section 7.0 --normalization 18.30076522457466 --reduced-thickness 0.007046433179391923 --fluctuation 1.1003207860817696 --nucleon-min-dist 1.1707208985190491
nucleon-width = 0.9392246303300542
tau-fs = 1.190300979941929
hydro-args = etas_hrg=0.15980841176858637 etas_min=0.17348910593083122 etas_slope=2.48583703448996 etas_curv=-0.38299883401822254 zetas_max=0.07838503806968221 zetas_width=0.023038906616903804 zetas_t0=0.1844095681954408
Tswitch = 0.15509593564289623
