trento-args = Pb Pb --cross-section 7.0 --normalization 19.333792078872584 --reduced-thickness 0.005064383278854939 --fluctuation 0.7026004625295296 --nucleon-min-dist 1.1300157158656237
nucleon-width = 0.8913586192478026
tau-fs = 1.127834641259517
hydro-args = etas_hrg=0.14906217310889158 etas_min=0.17733645961638542 etas_slope=2.117836585346608 etas_curv=-0.5695648480343166 zetas_max=0.0794333760714158 zetas_width=0.06879221640387549 zetas_t0=0.16280259521920235
Tswitch = 0.14160340085242412
