trento-args = Pb Pb --cross-section 7.0 --normalization 24.08709581383974 --reduced-thickness 0.005366491369892654 --fluctuation 1.5127911124352589 --nucleon-min-dist 1.2011574288677538
nucleon-width = 1.000066492893101
tau-fs = 0.8113217285884222
hydro-args = etas_hrg=0.1576201087699458 etas_min=0.1260090420741588 etas_slope=1.787722127111628 etas_curv=0.044066439459287565 zetas_max=0.0426551877368242 zetas_width=0.07384101400510411 zetas_t0=0.18623016432099976
Tswitch = 0.1563466863395786
