trento-args = Pb Pb --cross-section 7.0 --normalization 17.676262404067188 --reduced-thickness 0.00661546842070259 --fluctuation 2.164123242414297 --nucleon-min-dist 1.0515272042629984
nucleon-width = 0.7442909861223185
tau-fs = 0.34479272991634924
hydro-args = etas_hrg=0.141075419738763 etas_min=0.0448753039734438 etas_slope=3.088030539894476 etas_curv=0.7251407670121164 zetas_max=0.0712892022400629 zetas_width=0.0363744544568472 zetas_t0=0.1623013786572963
Tswitch = 0.15455254164010754
