trento-args = Pb Pb --cross-section 7.0 --normalization 20.512323222211286 --reduced-thickness 0.005895170641623435 --fluctuation 1.4903053067643808 --nucleon-min-dist 1.325675769794664
nucleon-width = 0.858340261815076
tau-fs = 0.9694549980465502
hydro-args = etas_hrg=0.1580727946694009 etas_min=0.1472668004956096 etas_slope=3.044772957334296 etas_curv=-1.0838257987089923 zetas_max=0.0165863301020116 zetas_width=0.024466666738363 zetas_t0=0.18409192099482752
Tswitch = 0.14826305310647006
