trento-args = Pb Pb --cross-section 7.0 --normalization 22.80262898180246 --reduced-thickness 0.005626941692280025 --fluctuation 1.2167265136749 --nucleon-min-dist 1.0803609716746958
nucleon-width = 1.073792372080109
tau-fs = 0.6778565008539933
hydro-args = etas_hrg=0.14868286545877812 etas_min=0.1810842159365304 etas_slope=3.241354741048068 etas_curv=-0.6056199060057298 zetas_max=0.0304200608246494 zetas_width=0.0684897455925122 zetas_t0=0.1798034083612496
Tswitch = 0.13924219192202672
