trento-args = Pb Pb --cross-section 7.0 --normalization 19.64281512097712 --reduced-thickness 0.006540611892606691 --fluctuation 2.147923442147434 --nucleon-min-dist 1.3280965074747002
nucleon-width = 0.768769461285513
tau-fs = 0.4151621407801426
hydro-args = etas_hrg=0.14193003007421273 etas_min=0.09838606988778341 etas_slope=2.971256162596868 etas_curv=0.640522628721315 zetas_max=0.0607856811549049 zetas_width=0.08300984306102621 zetas_t0=0.1835702381892828
Tswitch = 0.14085166129283144
