trento-args = Pb Pb --cross-section 7.0 --normalization 22.58539605278371 --reduced-thickness 0.009081226096409186 --fluctuation 1.3819577573832296 --nucleon-min-dist 1.5054385431439625
nucleon-width = 1.1960018661307803
tau-fs = 0.23346784291395387
hydro-args = etas_hrg=0.1479005898028985 etas_min=0.076847389412392 etas_slope=1.932757570484652 etas_curv=-0.8099286325517585 zetas_max=0.07497671884032901 zetas_width=0.0502500528384931 zetas_t0=0.18164455285540315
Tswitch = 0.14931015674124007
