trento-args = Pb Pb --cross-section 7.0 --normalization 20.306132101800657 --reduced-thickness 0.006120047088126837 --fluctuation 0.7728376774009686 --nucleon-min-dist 1.0421334199800119
nucleon-width = 1.1441346689318894
tau-fs = 1.0148540622008637
hydro-args = etas_hrg=0.14453312854011544 etas_min=0.133440765561536 etas_slope=2.877285719750448 etas_curv=0.5861462126648986 zetas_max=0.050805362225184204 zetas_width=0.0677622679386288 zetas_t0=0.15504788025969174
Tswitch = 0.14699513297012543
