trento-args = Pb Pb --cross-section 7.0 --normalization 17.296336549519822 --reduced-thickness 0.008641388496472686 --fluctuation 1.4756603880787065 --nucleon-min-dist 1.1261329163783296
nucleon-width = 1.1834970811360301
tau-fs = 0.23774955157343372
hydro-args = etas_hrg=0.14327942522055936 etas_min=0.1696531727313996 etas_slope=0.58387935223058 etas_curv=0.01845873461351788 zetas_max=0.062312123578041806 zetas_width=0.034214416290540305 zetas_t0=0.164765379030467
Tswitch = 0.15790165580629373
