trento-args = Pb Pb --cross-section 7.0 --normalization 17.656712401708983 --reduced-thickness 0.0061011762896671885 --fluctuation 0.6686050519611537 --nucleon-min-dist 1.422421912684359
nucleon-width = 0.7887966854750159
tau-fs = 0.21978152265882137
hydro-args = etas_hrg=0.14316490478942637 etas_min=0.12702248202105978 etas_slope=3.33505055135116 etas_curv=0.08813402310879792 zetas_max=0.0725001574921887 zetas_width=0.0254890880560037 zetas_t0=0.15882113906873854
Tswitch = 0.15263496969239787
