trento-args = Pb Pb --cross-section 7.0 --normalization 17.780223533983666 --reduced-thickness 0.004968652908105028 --fluctuation 0.9639288455276693 --nucleon-min-dist 1.35304086052191
nucleon-width = 0.8627470156125112
tau-fs = 1.0351945820975725
hydro-args = etas_hrg=0.14978469390340615 etas_min=0.0919720249844716 etas_slope=1.002712560813876 etas_curv=-0.8810728243765897 zetas_max=0.026340443782834302 zetas_width=0.0714311028463766 zetas_t0=0.17708713469649665
Tswitch = 0.15919229295156428
