trento-args = Pb Pb --cross-section 7.0 --normalization 19.197141763055427 --reduced-thickness 0.007673685294974222 --fluctuation 0.9801509365095052 --nucleon-min-dist 1.467212986083883
nucleon-width = 1.0009464739154876
tau-fs = 1.2341926985840634
hydro-args = etas_hrg=0.16147467436626087 etas_min=0.0193403157808818 etas_slope=2.417032838469372 etas_curv=-0.6159185399518344 zetas_max=0.029770315869012798 zetas_width=0.0877210059555247 zetas_t0=0.19105893859106582
Tswitch = 0.15346064741254786
