trento-args = Pb Pb --cross-section 7.0 --normalization 22.734911956879266 --reduced-thickness 0.009275220407560469 --fluctuation 2.37432405405481 --nucleon-min-dist 1.1227522876142508
nucleon-width = 0.9402818535945201
tau-fs = 0.43493136343223004
hydro-args = etas_hrg=0.14470672011152377 etas_min=0.05342767450427641 etas_slope=3.56016660715826 etas_curv=0.1862886809499933 zetas_max=0.023074086769158002 zetas_width=0.0298028236403596 zetas_t0=0.18497316741934045
Tswitch = 0.15102216502724683
