trento-args = Pb Pb --cross-section 7.0 --normalization 20.581582786572937 --reduced-thickness 0.004724790324136988 --fluctuation 1.3053737083652566 --nucleon-min-dist 1.1735075667927566
nucleon-width = 0.9467001699355992
tau-fs = 1.2701798232166708
hydro-args = etas_hrg=0.1540898869504966 etas_min=0.09043000594470661 etas_slope=3.10505137589574 etas_curv=-0.76622963715014 zetas_max=0.09409906172240151 zetas_width=0.06502207229305061 zetas_t0=0.1915223765744129
Tswitch = 0.1413023808626225
