trento-args = Pb Pb --cross-section 7.0 --normalization 19.769397300540557 --reduced-thickness 0.004904157332102952 --fluctuation 0.8412715510644503 --nucleon-min-dist 1.166436894817975
nucleon-width = 1.0042401690527532
tau-fs = 0.3197359924253734
hydro-args = etas_hrg=0.14510857527283486 etas_min=0.15785283608753242 etas_slope=1.656307212505488 etas_curv=-1.1575402706663125 zetas_max=0.037875898629054404 zetas_width=0.0280211365138646 zetas_t0=0.1907648054250283
Tswitch = 0.1610070279294206
