trento-args = Pb Pb --cross-section 7.0 --normalization 18.667733780431377 --reduced-thickness 0.007732144124659898 --fluctuation 1.9193855403945033 --nucleon-min-dist 1.3485463967831393
nucleon-width = 0.9854139222137593
tau-fs = 0.36816822648396663
hydro-args = etas_hrg=0.1469633579138853 etas_min=0.0397374282099306 etas_slope=0.979894944339992 etas_curv=0.14151153572103836 zetas_max=0.09834707928197461 zetas_width=0.029735269433399703 zetas_t0=0.15332696662051604
Tswitch = 0.16095348056620917
