trento-args = Pb Pb --cross-section 7.0 --normalization 24.139658079875232 --reduced-thickness 0.006159676989457012 --fluctuation 0.7621825350920777 --nucleon-min-dist 1.3339287321148114
nucleon-width = 0.8861766513433944
tau-fs = 0.9461156480397138
hydro-args = etas_hrg=0.15074004894888496 etas_min=0.01417158338483422 etas_slope=0.5013028407488 etas_curv=-0.09420661199991653 zetas_max=0.0257341251376085 zetas_width=0.0906524772739969 zetas_t0=0.1965804210378323
Tswitch = 0.15900519928305412
