trento-args = Pb Pb --cross-section 7.0 --normalization 21.30308822287887 --reduced-thickness 0.0055389348437640835 --fluctuation 0.9294259042934429 --nucleon-min-dist 1.189268442711152
nucleon-width = 0.80877650779848
tau-fs = 0.9099827079354879
hydro-args = etas_hrg=0.1367959547447646 etas_min=0.12131223465148361 etas_slope=1.711022782880812 etas_curv=-0.49670738493967836 zetas_max=0.047493025723844805 zetas_width=0.0263245544278994 zetas_t0=0.1592770898537943
Tswitch = 0.15153416610040238
