trento-args = Pb Pb --cross-section 7.0 --normalization 21.25449370234228 --reduced-thickness 0.006883466202421485 --fluctuation 2.1800756619919097 --nucleon-min-dist 1.3948860736650068
nucleon-width = 0.8353377314473611
tau-fs = 1.3274391248063746
hydro-args = etas_hrg=0.14378275422667153 etas_min=0.14491583165638142 etas_slope=0.792485432004556 etas_curv=-0.8564577878711748 zetas_max=0.010558481533685701 zetas_width=0.052700416824640696 zetas_t0=0.15916391788611656
Tswitch = 0.15583239664013498
