trento-args = Pb Pb --cross-section 7.0 --normalization 22.01822699821991 --reduced-thickness 0.009474715948852151 --fluctuation 0.9339346203075366 --nucleon-min-dist 1.2199619442194047
nucleon-width = 1.035741513873763
tau-fs = 0.24360497372419568
hydro-args = etas_hrg=0.15557803350603677 etas_min=0.1384047947430052 etas_slope=1.581463278802112 etas_curv=-0.5410778681109202 zetas_max=0.0393136952862144 zetas_width=0.07549315017005431 zetas_t0=0.19310786244976336
Tswitch = 0.1508836101119919
