trento-args = Pb Pb --cross-section 7.0 --normalization 21.33109711854258 --reduced-thickness 0.00899169591174051 --fluctuation 1.4940676169795142 --nucleon-min-dist 1.3092954587234344
nucleon-width = 1.1078045176720908
tau-fs = 0.36600271587416033
hydro-args = etas_hrg=0.1471333577023214 etas_min=0.065327259459626 etas_slope=0.819613555109128 etas_curv=0.7901817439275318 zetas_max=0.0759393456467427 zetas_width=0.0207783931085374 zetas_t0=0.17997548187794166
Tswitch = 0.14654580938227943
