trento-args = Pb Pb --cross-section 7.0 --normalization 21.61996540516379 --reduced-thickness 0.007540549860484155 --fluctuation 2.5270240254092986 --nucleon-min-dist 1.24228264387864
nucleon-width = 0.8142133036148469
tau-fs = 0.36493776574835624
hydro-args = etas_hrg=0.15165085008606782 etas_min=0.0801847086620518 etas_slope=2.428028709968552 etas_curv=-0.33838576827295974 zetas_max=0.0868714517903514 zetas_width=0.0123611779323779 zetas_t0=0.1935754014623584
Tswitch = 0.163290667238147
