trento-args = Pb Pb --cross-section 7.0 --normalization 23.128909140637692 --reduced-thickness 0.005862551993620022 --fluctuation 2.6961436282959848 --nucleon-min-dist 1.4074093683330209
nucleon-width = 1.1366899506969816
tau-fs = 0.8984231210274662
hydro-args = etas_hrg=0.1504322764689429 etas_min=0.0818733472103252 etas_slope=1.030191983425988 etas_curv=-1.0142807637998372 zetas_max=0.058455179724283504 zetas_width=0.030108450382715105 zetas_t0=0.1827096981601557
Tswitch = 0.14685470116613433
