trento-args = Pb Pb --cross-section 7.0 --normalization 22.68420663334589 --reduced-thickness 0.008164094520605358 --fluctuation 2.444247205948124 --nucleon-min-dist 1.3974467439331142
nucleon-width = 0.9309758192073223
tau-fs = 0.998557540784623
hydro-args = etas_hrg=0.15960289106049108 etas_min=0.0733059006220662 etas_slope=1.685954325329512 etas_curv=0.5272061209301937 zetas_max=0.053831858357693996 zetas_width=0.042085546760726705 zetas_t0=0.18181448617700957
Tswitch = 0.1389017978589423
