trento-args = Pb Pb --cross-section 7.0 --normalization 19.548334261877674 --reduced-thickness 0.009362542076996713 --fluctuation 0.7683668978056989 --nucleon-min-dist 1.4655238248345812
nucleon-width = 0.9174085370914564
tau-fs = 0.9720682771448189
hydro-args = etas_hrg=0.15384817708442455 etas_min=0.1189384457973764 etas_slope=0.850558783082292 etas_curv=0.2097796404981509 zetas_max=0.0239543483780231 zetas_width=0.0511526254774071 zetas_t0=0.16345314526953736
Tswitch = 0.14022991940699983
