trento-args = Pb Pb --cross-section 7.0 --normalization 21.061723312165547 --reduced-thickness 0.007233572922286765 --fluctuation 1.7897699279658776 --nucleon-min-dist 1.4599204749206676
nucleon-width = 0.7876069810553552
tau-fs = 0.7658022188564951
hydro-args = etas_hrg=0.15695156038999558 etas_min=0.064349935617391 etas_slope=2.654666436275468 etas_curv=-0.6653083987265369 zetas_max=0.08876268738261421 zetas_width=0.09284280511890541 zetas_t0=0.17886738322139717
Tswitch = 0.14257097365878058
