trento-args = Pb Pb --cross-section 7.0 --normalization 18.128998165564745 --reduced-thickness 0.00772597374391705 --fluctuation 1.2572046246111521 --nucleon-min-dist 1.3303020994191148
nucleon-width = 0.7209542367672429
tau-fs = 0.3556541447324304
hydro-args = etas_hrg=0.16234453237884677 etas_min=0.1479344314629212 etas_slope=1.98976348111406 etas_curv=-0.5526325323695788 zetas_max=0.09512419687868101 zetas_width=0.0494872714583296 zetas_t0=0.15850051175241825
Tswitch = 0.1507040372780431
