trento-args = Pb Pb --cross-section 7.0 --normalization 23.34085370847236 --reduced-thickness 0.005400104985295238 --fluctuation 0.7755686397776717 --nucleon-min-dist 1.2331738880604546
nucleon-width = 0.9152577481762609
tau-fs = 0.48296781153202106
hydro-args = etas_hrg=0.14957526691738052 etas_min=0.16427740528378643 etas_slope=1.839197505723684 etas_curv=0.5083558711554379 zetas_max=0.0162368951984216 zetas_width=0.03759759726957421 zetas_t0=0.1693820116059622
Tswitch = 0.1583205389650259
