trento-args = Pb Pb --cross-section 7.0 --normalization 24.003690628512732 --reduced-thickness 0.006819595062716677 --fluctuation 0.8175742815908336 --nucleon-min-dist 1.3204477140251967
nucleon-width = 0.8177444121260165
tau-fs = 1.0904235559564175
hydro-args = etas_hrg=0.14009249494329562 etas_min=0.0591069440382532 etas_slope=3.743584145441652 etas_curv=0.12127969090454194 zetas_max=0.09355698760286901 zetas_width=0.0463245906677097 zetas_t0=0.17570726826835892
Tswitch = 0.1525033425231697
