trento-args = Pb Pb --cross-section 7.0 --normalization 20.044249164624848 --reduced-thickness 0.005296323233044149 --fluctuation 1.3632862561660013 --nucleon-min-dist 1.0156408135471338
nucleon-width = 0.8356336456161023
tau-fs = 1.0998052477344495
hydro-args = etas_hrg=0.13640128218607978 etas_min=0.14876976800644778 etas_slope=1.723730941789224 etas_curv=0.20329507143180714 zetas_max=0.049346694005094505 zetas_width=0.09136706726378761 zetas_t0=0.18722546582778452
Tswitch = 0.1486270490568364
