trento-args = Pb Pb --cross-section 7.0 --normalization 22.429341209243606 --reduced-thickness 0.009558749970322477 --fluctuation 1.112218932230462 --nucleon-min-dist 1.0879763730525192
nucleon-width = 0.963539519619414
tau-fs = 0.4140519199096604
hydro-args = etas_hrg=0.14876995340791999 etas_min=0.04720315435640521 etas_slope=1.201057808939368 etas_curv=-0.5900579927777878 zetas_max=0.032918698514672 zetas_width=0.035363875317107905 zetas_t0=0.16146998151158914
Tswitch = 0.1586034007240506
