trento-args = Pb Pb --cross-section 7.0 --normalization 18.423400148978622 --reduced-thickness 0.007245321124297379 --fluctuation 2.0417039302879507 --nucleon-min-dist 1.4179940455444064
nucleon-width = 0.803410961538817
tau-fs = 1.1502210673613382
hydro-args = etas_hrg=0.15099335128556474 etas_min=0.1180831604402512 etas_slope=0.612540631240232 etas_curv=0.77651896037301 zetas_max=0.07235712174833751 zetas_width=0.062347167915850904 zetas_t0=0.1864123235371895
Tswitch = 0.15543353253529407
