trento-args = Pb Pb --cross-section 7.0 --normalization 20.728255759030894 --reduced-thickness 0.00680915394111648 --fluctuation 0.7112993182916991 --nucleon-min-dist 1.0099758612018892
nucleon-width = 1.0560654100492497
tau-fs = 0.35706660693361414
hydro-args = etas_hrg=0.1560770587608358 etas_min=0.10622498569171882 etas_slope=1.330642551157624 etas_curv=0.6717126743500577 zetas_max=0.0456277936117724 zetas_width=0.058795070033893004 zetas_t0=0.18146685029088985
Tswitch = 0.14252658089077103
