trento-args = Pb Pb --cross-section 7.0 --normalization 23.92252436171089 --reduced-thickness 0.008946215058146788 --fluctuation 2.5780047249294347 --nucleon-min-dist 1.2671902911424144
nucleon-width = 0.9540774677852835
tau-fs = 1.0025322343870722
hydro-args = etas_hrg=0.1508783616477158 etas_min=0.13773443549415101 etas_slope=2.136030958561228 etas_curv=-0.07172607254362728 zetas_max=0.044010202821437305 zetas_width=0.049036815553670704 zetas_t0=0.15097228902305942
Tswitch = 0.14560711261165796
