trento-args = Pb Pb --cross-section 7.0 --normalization 18.316917182398488 --reduced-thickness 0.007123576581565292 --fluctuation 1.4254030242774858 --nucleon-min-dist 1.208406408328519
nucleon-width = 0.8049588382520921
tau-fs = 1.0919672170296681
hydro-args = etas_hrg=0.14612479484420737 etas_min=0.1344780939674004 etas_slope=2.631457886142656 etas_curv=0.1812729010562888 zetas_max=0.0058536646910477405 zetas_width=0.0415459235191811 zetas_t0=0.16794651285526346
Tswitch = 0.15641334454223516
