trento-args = Pb Pb --cross-section 7.0 --normalization 20.910463060179815 --reduced-thickness 0.005796123545248808 --fluctuation 1.3161583133897914 --nucleon-min-dist 1.250535940863638
nucleon-width = 1.1636737126010752
tau-fs = 0.47522529545926906
hydro-args = etas_hrg=0.1445639832197875 etas_min=0.1501925870190374 etas_slope=0.420274023652076 etas_curv=-0.8670687459828789 zetas_max=0.0908828957653139 zetas_width=0.08091583671960981 zetas_t0=0.18095954775814901
Tswitch = 0.15176963892923667
