trento-args = Pb Pb --cross-section 7.0 --normalization 22.533149975871506 --reduced-thickness 0.00834637077181451 --fluctuation 0.7793085454761273 --nucleon-min-dist 1.4154216119465017
nucleon-width = 1.1478744247726755
tau-fs = 1.0437645347693612
hydro-args = etas_hrg=0.1424314968503639 etas_min=0.14256389315295961 etas_slope=2.983937728539108 etas_curv=-0.7076015522171745 zetas_max=0.023492734675202503 zetas_width=0.0629975724578835 zetas_t0=0.17129701551564505
Tswitch = 0.15798618545594162
