trento-args = Pb Pb --cross-section 7.0 --normalization 22.414152915337716 --reduced-thickness 0.006324279777847231 --fluctuation 0.6384196175571928 --nucleon-min-dist 1.2971747945882166
nucleon-width = 0.9366126144179403
tau-fs = 0.19353930254038942
hydro-args = etas_hrg=0.15182269341216423 etas_min=0.157042092556879 etas_slope=1.80866939905286 etas_curv=-0.4218027006981888 zetas_max=0.0815783900242299 zetas_width=0.0367397216243204 zetas_t0=0.178779688019515
Tswitch = 0.14337338893908544
