trento-args = Pb Pb --cross-section 7.0 --normalization 20.185802309994244 --reduced-thickness 0.00859555039967559 --fluctuation 0.7935577411820017 --nucleon-min-dist 1.2066156934539702
nucleon-width = 0.9727455619969865
tau-fs = 0.8872556598414201
hydro-args = etas_hrg=0.16121587009849492 etas_min=0.0227634223212488 etas_slope=3.303981659432872 etas_curv=0.08966831012489163 zetas_max=0.0395931865779683 zetas_width=0.076007678365754 zetas_t0=0.1653751465767389
Tswitch = 0.16211954630272465
