trento-args = Pb Pb --cross-section 7.0 --normalization 21.372490651707267 --reduced-thickness 0.00922476910928972 --fluctuation 1.2697127664655776 --nucleon-min-dist 1.084370564055139
nucleon-width = 0.6793510517329033
tau-fs = 0.8672842377780839
hydro-args = etas_hrg=0.1586505215102993 etas_min=0.058673921689950004 etas_slope=1.632176878133788 etas_curv=-0.8038805037429548 zetas_max=0.00900398458051495 zetas_width=0.07591946232453921 zetas_t0=0.18346945786594882
Tswitch = 0.15110966934220402
