trento-args = Pb Pb --cross-section 7.0 --normalization 18.263383354113504 --reduced-thickness 0.008276461027817802 --fluctuation 1.3705553438526747 --nucleon-min-dist 1.3292346642052828
nucleon-width = 1.0855664333340775
tau-fs = 1.160572365138698
hydro-args = etas_hrg=0.1577714967345167 etas_min=0.049163765812479 etas_slope=0.2231810705289244 etas_curv=0.5486714385060123 zetas_max=0.028329026152659198 zetas_width=0.051635680445330207 zetas_t0=0.16960143835407215
Tswitch = 0.15666675105499106
