trento-args = Pb Pb --cross-section 7.0 --normalization 21.111520051385636 --reduced-thickness 0.005551798384216801 --fluctuation 1.9561227566646007 --nucleon-min-dist 1.1964066244283744
nucleon-width = 1.0871463904570071
tau-fs = 1.2586193065366655
hydro-args = etas_hrg=0.14133197463639546 etas_min=0.15812144896416003 etas_slope=3.607380405234172 etas_curv=0.6918944262395614 zetas_max=0.0465789193133824 zetas_width=0.0410809715766925 zetas_t0=0.16640692701209336
Tswitch = 0.16119924439435826
