trento-args = Pb Pb --cross-section 7.0 --normalization 21.359081201356805 --reduced-thickness 0.007418079731080306 --fluctuation 1.0776033610851663 --nucleon-min-dist 1.414352070965989
nucleon-width = 1.219368802890516
tau-fs = 0.8708840335161747
hydro-args = etas_hrg=0.15504993887193036 etas_min=0.14163277439931402 etas_slope=3.480140472598372 etas_curv=-0.827141852951889 zetas_max=0.0258481228225399 zetas_width=0.0524910152524244 zetas_t0=0.15316057707576547
Tswitch = 0.1368540622051433
