trento-args = Pb Pb --cross-section 7.0 --normalization 17.04743087546564 --reduced-thickness 0.00690065712791905 --fluctuation 0.8078421317098932 --nucleon-min-dist 1.354615097363059
nucleon-width = 0.8531609030175108
tau-fs = 0.5568965865428603
hydro-args = etas_hrg=0.15178453306532466 etas_min=0.037144743532314804 etas_slope=3.576243005843832 etas_curv=0.8456719278514393 zetas_max=0.0137408392137848 zetas_width=0.08644751848578451 zetas_t0=0.17808374922629444
Tswitch = 0.14321675977553242
