trento-args = Pb Pb --cross-section 7.0 --normalization 18.397361014143307 --reduced-thickness 0.00518349106199816 --fluctuation 0.871688098162162 --nucleon-min-dist 1.2228602493763565
nucleon-width = 1.2156539468053271
tau-fs = 0.4656606876878949
hydro-args = etas_hrg=0.1472395810302766 etas_min=0.0334969551260584 etas_slope=0.3342273262813688 etas_curv=0.22147427067267622 zetas_max=0.0468894074432086 zetas_width=0.0247562629705295 zetas_t0=0.18945204283595085
Tswitch = 0.14514236374722328
