trento-args = Pb Pb --cross-section 7.0 --normalization 19.67724163855641 --reduced-thickness 0.008721444134854529 --fluctuation 1.0858064799164602 --nucleon-min-dist 1.403708322693758
nucleon-width = 0.8118437421393924
tau-fs = 0.13012085822177116
hydro-args = etas_hrg=0.14142086516926067 etas_min=0.1217420583139174 etas_slope=3.12673432728648 etas_curv=-0.2531915422286364 zetas_max=0.021210033902619 zetas_width=0.0879623189571779 zetas_t0=0.1759490321007557
Tswitch = 0.14728340876324103
