trento-args = Pb Pb --cross-section 7.0 --normalization 21.750805186888034 --reduced-thickness 0.007350063976642117 --fluctuation 2.2604339188875566 --nucleon-min-dist 1.011433968461256
nucleon-width = 0.9822299962108952
tau-fs = 0.5539385216735349
hydro-args = etas_hrg=0.14522513301397674 etas_min=0.1373017796183006 etas_slope=2.371300840616228 etas_curv=0.41401024942179143 zetas_max=0.06644229056807231 zetas_width=0.018821164430026002 zetas_t0=0.17369183003248181
Tswitch = 0.14015554519983475
