trento-args = Pb Pb --cross-section 7.0 --normalization 18.839169092319995 --reduced-thickness 0.008113222460094096 --fluctuation 1.102127926648244 --nucleon-min-dist 1.0953015166148856
nucleon-width = 1.1199600763371278
tau-fs = 0.26876097742392246
hydro-args = etas_hrg=0.13945050193057862 etas_min=0.0327125392933376 etas_slope=3.225946046279744 etas_curv=0.6309399365132662 zetas_max=0.0540368995939847 zetas_width=0.0614478598535527 zetas_t0=0.1882160754556535
Tswitch = 0.14940156260669232
