trento-args = Pb Pb --cross-section 7.0 --normalization 17.45823903284876 --reduced-thickness 0.007908667554880304 --fluctuation 1.0014563869976487 --nucleon-min-dist 1.396931208223079
nucleon-width = 0.8454495952742824
tau-fs = 1.3437390770007946
hydro-args = etas_hrg=0.14273208183155864 etas_min=0.01998550289114938 etas_slope=2.96781016117148 etas_curv=0.007323865117365047 zetas_max=0.045135080045741 zetas_width=0.0354972147229593 zetas_t0=0.18025561687694866
Tswitch = 0.1499812763329223
