trento-args = Pb Pb --cross-section 7.0 --normalization 21.21429194477662 --reduced-thickness 0.004923632354307173 --fluctuation 0.8368325866652251 --nucleon-min-dist 1.0695372133793077
nucleon-width = 0.9510023541981559
tau-fs = 0.9274021092953068
hydro-args = etas_hrg=0.1643781637129979 etas_min=0.0638931100696326 etas_slope=1.258154873413964 etas_curv=-0.8924474357425237 zetas_max=0.0635791921060067 zetas_width=0.032559549961751304 zetas_t0=0.18076316917662044
Tswitch = 0.1435291250161361
