trento-args = Pb Pb --cross-section 7.0 --normalization 19.148023457906632 --reduced-thickness 0.008949839598815887 --fluctuation 0.9957969194677742 --nucleon-min-dist 1.1529012214452747
nucleon-width = 0.7179090839788642
tau-fs = 0.5813722328018216
hydro-args = etas_hrg=0.15307279153693468 etas_min=0.04326798164322981 etas_slope=1.271381951572372 etas_curv=0.7652984768092621 zetas_max=0.0990746594108175 zetas_width=0.0184963561541867 zetas_t0=0.19432673726167995
Tswitch = 0.14465220096923412
