trento-args = Pb Pb --cross-section 7.0 --normalization 19.251623600273213 --reduced-thickness 0.007793179780841247 --fluctuation 0.7248485591474154 --nucleon-min-dist 1.364858425211304
nucleon-width = 1.1159498806598218
tau-fs = 0.2842350919814548
hydro-args = etas_hrg=0.14919330068393147 etas_min=0.0952141529310494 etas_slope=1.06929254649952 etas_curv=0.14963926799544192 zetas_max=0.041292547186184705 zetas_width=0.031361718232138104 zetas_t0=0.16845883473926226
Tswitch = 0.1629051339239348
