trento-args = Pb Pb --cross-section 7.0 --normalization 21.85253770211987 --reduced-thickness 0.004243009381246566 --fluctuation 1.5315042820346176 --nucleon-min-dist 1.0583480345106377
nucleon-width = 1.0110483949665667
tau-fs = 0.842748439370259
hydro-args = etas_hrg=0.15041401160873474 etas_min=0.0503359443324618 etas_slope=3.060549151837824 etas_curv=0.09471219207490789 zetas_max=0.0657392265509814 zetas_width=0.0973062791443896 zetas_t0=0.1680824093376752
Tswitch = 0.15401422845741267
