trento-args = Pb Pb --cross-section 7.0 --normalization 23.287135648404842 --reduced-thickness 0.0058334582869417955 --fluctuation 1.2502617299846361 --nucleon-min-dist 1.452811138242884
nucleon-width = 0.7056808548209116
tau-fs = 0.47854336461111946
hydro-args = etas_hrg=0.15284280887887347 etas_min=0.17363694406664001 etas_slope=0.963184983856976 etas_curv=-0.4078084229259742 zetas_max=0.0390950016784947 zetas_width=0.0401512552102562 zetas_t0=0.16074209639632608
Tswitch = 0.15335157883076928
