trento-args = Pb Pb --cross-section 7.0 --normalization 22.18613571754426 --reduced-thickness 0.008023490091003475 --fluctuation 0.6890820656060883 --nucleon-min-dist 1.2076015835554543
nucleon-width = 0.8782030662133622
tau-fs = 1.1221582933656036
hydro-args = etas_hrg=0.1390929781074403 etas_min=0.08872106588184842 etas_slope=0.1477509058434516 etas_curv=0.3530171008586893 zetas_max=0.019421569520514503 zetas_width=0.0474329614709131 zetas_t0=0.1897151659429306
Tswitch = 0.14814411686399953
