trento-args = Pb Pb --cross-section 7.0 --normalization 21.163979144939322 --reduced-thickness 0.005333878851587697 --fluctuation 0.6485683107200105 --nucleon-min-dist 1.2488978342180088
nucleon-width = 1.0424281735892322
tau-fs = 1.1026695561441497
hydro-args = etas_hrg=0.15739780447009485 etas_min=0.07940074916929 etas_slope=3.77402253165096 etas_curv=-0.10994250387446991 zetas_max=0.014806468468811403 zetas_width=0.0288937544242945 zetas_t0=0.15895881137456744
Tswitch = 0.15679492691554597
