trento-args = Pb Pb --cross-section 7.0 --normalization 17.93661319714576 --reduced-thickness 0.0047515430741753425 --fluctuation 1.6676014032292443 --nucleon-min-dist 1.2952831860800897
nucleon-width = 0.8570543176002642
tau-fs = 0.775610152958119
hydro-args = etas_hrg=0.14633132740467322 etas_min=0.0564041592909024 etas_slope=2.949702106628568 etas_curv=-0.705780587949744 zetas_max=0.0596274225626141 zetas_width=0.012968600040860501 zetas_t0=0.17550176400397904
Tswitch = 0.15289918151001447
