trento-args = Pb Pb --cross-section 7.0 --normalization 19.324526413777292 --reduced-thickness 0.00617513699694276 --fluctuation 2.077331619667114 --nucleon-min-dist 1.1905546238886988
nucleon-width = 1.0649424354255534
tau-fs = 0.6814244120157609
hydro-args = etas_hrg=0.16350858616632408 etas_min=0.130005982206855 etas_slope=3.44739176939428 etas_curv=0.6767837537046055 zetas_max=0.0703562597378623 zetas_width=0.014080722270812801 zetas_t0=0.18994002545059196
Tswitch = 0.16197522131742909
