trento-args = Pb Pb --cross-section 7.0 --normalization 18.135103596735156 --reduced-thickness 0.004368074929047748 --fluctuation 1.0733999441127475 --nucleon-min-dist 1.2314876209950618
nucleon-width = 1.142565821672434
tau-fs = 1.1821921380942682
hydro-args = etas_hrg=0.14262843423253857 etas_min=0.153565507582482 etas_slope=3.559296795859932 etas_curv=-0.6138148753298918 zetas_max=0.022657941308105403 zetas_width=0.08020677380971611 zetas_t0=0.1602890980896307
Tswitch = 0.14873262995707803
