trento-args = Pb Pb --cross-section 7.0 --normalization 21.033136404239524 --reduced-thickness 0.004533397974551096 --fluctuation 0.8945737890396378 --nucleon-min-dist 1.2977965499682262
nucleon-width = 0.8704812281257631
tau-fs = 1.0059124221068716
hydro-args = etas_hrg=0.14404185402300676 etas_min=0.04126511891530821 etas_slope=2.158270442431792 etas_curv=0.24426815426424198 zetas_max=0.0445345477320254 zetas_width=0.039753989323927104 zetas_t0=0.19399822529836092
Tswitch = 0.13530995609545615
