trento-args = Pb Pb --cross-section 7.0 --normalization 17.674692319621595 --reduced-thickness 0.006991143160224703 --fluctuation 0.8799218376181378 --nucleon-min-dist 1.2165804115163783
nucleon-width = 0.9940371702461899
tau-fs = 0.6899129473259585
hydro-args = etas_hrg=0.14393315226200504 etas_min=0.0446086865955964 etas_slope=2.309414614496752 etas_curv=-0.27061721923388515 zetas_max=0.0688855519779492 zetas_width=0.037605248315492605 zetas_t0=0.1557331316032214
Tswitch = 0.14103617391706444
