trento-args = Pb Pb --cross-section 7.0 --normalization 18.915339989959833 --reduced-thickness 0.006017314195029065 --fluctuation 1.0935927425626502 --nucleon-min-dist 1.3056894053509491
nucleon-width = 1.1188788768598945
tau-fs = 0.7867671847730975
hydro-args = etas_hrg=0.1583272673805803 etas_min=0.19892465877858923 etas_slope=3.570872675294056 etas_curv=0.11050698424060856 zetas_max=0.00851725886962377 zetas_width=0.05015128404144201 zetas_t0=0.18048253321016675
Tswitch = 0.15485109257041477
