trento-args = Pb Pb --cross-section 7.0 --normalization 19.87796190369055 --reduced-thickness 0.007813503371850775 --fluctuation 0.9131473462106569 --nucleon-min-dist 0.9503890052106465
nucleon-width = 1.0540130012104352
tau-fs = 0.8399179172275588
hydro-args = etas_hrg=0.15211052876865028 etas_min=0.0697699022639542 etas_slope=2.674788271939384 etas_curv=-0.9134105389731937 zetas_max=0.033030608198978004 zetas_width=0.0482555813683197 zetas_t0=0.19036352674020457
Tswitch = 0.15547906153969468
