trento-args = Pb Pb --cross-section 7.0 --normalization 20.066864248045732 --reduced-thickness 0.005434050772383811 --fluctuation 2.015364338540282 --nucleon-min-dist 1.363934310816069
nucleon-width = 1.1881308749318702
tau-fs = 1.3130276695016727
hydro-args = etas_hrg=0.16384700327842033 etas_min=0.12498151051132 etas_slope=1.843998575111852 etas_curv=0.13716841280590653 zetas_max=0.09537731002168731 zetas_width=0.047178930360917 zetas_t0=0.16371337956292556
Tswitch = 0.14072003402540925
