trento-args = Pb Pb --cross-section 7.0 --normalization 23.09207028563081 --reduced-thickness 0.008424749838935954 --fluctuation 2.1914453771385385 --nucleon-min-dist 1.4447184483935374
nucleon-width = 0.8993011812085072
tau-fs = 0.37185926391453916
hydro-args = etas_hrg=0.15594746875131504 etas_min=0.1169865813791752 etas_slope=1.884858938898892 etas_curv=0.5503504972493278 zetas_max=0.018198730030143603 zetas_width=0.09550336546255281 zetas_t0=0.19869600460333753
Tswitch = 0.1535376539869001
