trento-args = Pb Pb --cross-section 7.0 --normalization 18.044101504609465 --reduced-thickness 0.004572404973030835 --fluctuation 1.4463317560591502 --nucleon-min-dist 1.4611363959935657
nucleon-width = 1.203802604207778
tau-fs = 0.908642138512437
hydro-args = etas_hrg=0.14925179138484412 etas_min=0.1507669621700422 etas_slope=2.645504499500616 etas_curv=-1.208094743845472 zetas_max=0.0851916924753226 zetas_width=0.07164837066531181 zetas_t0=0.18914867064319552
Tswitch = 0.14210543811634183
