trento-args = Pb Pb --cross-section 7.0 --normalization 23.944938336271285 --reduced-thickness 0.00608333981077261 --fluctuation 1.069563851220898 --nucleon-min-dist 1.3081780439656188
nucleon-width = 1.0465278704387768
tau-fs = 0.3263496301860226
hydro-args = etas_hrg=0.15900568220349962 etas_min=0.046884568544197806 etas_slope=1.29422079977952 etas_curv=0.05593541038832561 zetas_max=0.029287378674931804 zetas_width=0.029448669961700202 zetas_t0=0.16193481815373525
Tswitch = 0.14555577831687871
