trento-args = Pb Pb --cross-section 7.0 --normalization 17.94822596037488 --reduced-thickness 0.008855770323168484 --fluctuation 1.1458385063112795 --nucleon-min-dist 1.4023281122071187
nucleon-width = 0.8375760618370421
tau-fs = 1.0183871645537896
hydro-args = etas_hrg=0.1466291265432956 etas_min=0.1764257123784162 etas_slope=1.35139406249672 etas_curv=-0.4384798176792929 zetas_max=0.0796637730514631 zetas_width=0.0293742620146833 zetas_t0=0.18544102391086056
Tswitch = 0.14200878936704717
