trento-args = Pb Pb --cross-section 7.0 --normalization 17.42432201667841 --reduced-thickness 0.009652967424660173 --fluctuation 3.117778999664066 --nucleon-min-dist 1.289952938876047
nucleon-width = 0.9007164929522393
tau-fs = 0.5869596554143768
hydro-args = etas_hrg=0.147401071540704 etas_min=0.0714810774452052 etas_slope=1.564931263757868 etas_curv=0.4227468288096137 zetas_max=0.023751808134140403 zetas_width=0.0551342059023213 zetas_t0=0.19183802209857387
Tswitch = 0.14935594241213052
