trento-args = Pb Pb --cross-section 7.0 --normalization 21.813439963321876 --reduced-thickness 0.008452624246627093 --fluctuation 0.8760428050315416 --nucleon-min-dist 1.4277838713916984
nucleon-width = 1.04072896193416
tau-fs = 0.38831680080781195
hydro-args = etas_hrg=0.1369086550652236 etas_min=0.1555807336937636 etas_slope=0.892977896736936 etas_curv=0.6215059777304068 zetas_max=0.0922533331185579 zetas_width=0.0136469902094919 zetas_t0=0.18781943560140207
Tswitch = 0.1614554239483131
