trento-args = Pb Pb --cross-section 7.0 --normalization 22.249672474888506 --reduced-thickness 0.007522294094891845 --fluctuation 1.9734215115746554 --nucleon-min-dist 1.2656172898519855
nucleon-width = 1.0070967570476193
tau-fs = 0.6485940555588673
hydro-args = etas_hrg=0.16310893186731265 etas_min=0.10290710934437819 etas_slope=3.390159592274576 etas_curv=-1.0700520466223824 zetas_max=0.0470173249186948 zetas_width=0.09094321998534721 zetas_t0=0.162783126454358
Tswitch = 0.15579192539274228
