trento-args = Pb Pb --cross-section 7.0 --normalization 23.06712733088901 --reduced-thickness 0.005149373583954572 --fluctuation 0.7978350759641469 --nucleon-min-dist 1.435875356943757
nucleon-width = 0.9983599956460247
tau-fs = 0.664694667466921
hydro-args = etas_hrg=0.13937080907339697 etas_min=0.01149464686131104 etas_slope=1.313667496416716 etas_curv=-0.4658947692031512 zetas_max=0.073329404251324 zetas_width=0.08902688716514971 zetas_t0=0.17050850614989174
Tswitch = 0.1418331425729301
