trento-args = Pb Pb --cross-section 7.0 --normalization 18.44400346888631 --reduced-thickness 0.005924931300683321 --fluctuation 1.1847316918934538 --nucleon-min-dist 0.9384317217360646
nucleon-width = 1.0980617631022762
tau-fs = 1.45210447109825
hydro-args = etas_hrg=0.15718628499694168 etas_min=0.09351423034034662 etas_slope=3.598022409277036 etas_curv=0.16809577270615872 zetas_max=0.0874055744057521 zetas_width=0.0636947617417667 zetas_t0=0.15260280824440997
Tswitch = 0.15309501117092092
