trento-args = Pb Pb --cross-section 7.0 --normalization 21.3842022506466 --reduced-thickness 0.00544590520431921 --fluctuation 1.4591502127043925 --nucleon-min-dist 1.3318849449116728
nucleon-width = 0.7603996724082636
tau-fs = 1.3611901142172043
hydro-args = etas_hrg=0.16323577675219159 etas_min=0.15517058274485182 etas_slope=2.790797036711128 etas_curv=0.4396745949090459 zetas_max=0.0284534757267218 zetas_width=0.0663968132421374 zetas_t0=0.17787644407504705
Tswitch = 0.14848033401290886
