trento-args = Pb Pb --cross-section 7.0 --normalization 23.730782591141722 --reduced-thickness 0.006290700855904444 --fluctuation 1.3045294703410615 --nucleon-min-dist 1.070570668982929
nucleon-width = 1.0086491655965228
tau-fs = 1.142608196611069
hydro-args = etas_hrg=0.15687714565237518 etas_min=0.01116966118412092 etas_slope=3.419120001859964 etas_curv=-0.3933237935438746 zetas_max=0.0771879103441723 zetas_width=0.00642067778510973 zetas_t0=0.18870071186567655
Tswitch = 0.16073915255977775
