trento-args = Pb Pb --cross-section 7.0 --normalization 21.464770747364298 --reduced-thickness 0.007744200632262976 --fluctuation 2.371930919397453 --nucleon-min-dist 1.426174748082987
nucleon-width = 0.6918031103448168
tau-fs = 0.10094247860290115
hydro-args = etas_hrg=0.14297838866748847 etas_min=0.11760284252017741 etas_slope=0.69256823862344 etas_curv=-0.5292315910011073 zetas_max=0.0625489446321502 zetas_width=0.060912453902233404 zetas_t0=0.18083950985756236
Tswitch = 0.13973157143934165
