trento-args = Pb Pb --cross-section 7.0 --normalization 21.883710684442455 --reduced-thickness 0.004841426200510564 --fluctuation 0.7676089934084948 --nucleon-min-dist 0.9209696046817779
nucleon-width = 0.8680855504722953
tau-fs = 0.4028802229515598
hydro-args = etas_hrg=0.15605089513919781 etas_min=0.1458662955261766 etas_slope=3.23671555874124 etas_curv=0.32161853688778286 zetas_max=0.05326110025714151 zetas_width=0.0765217939828057 zetas_t0=0.1605641448514303
Tswitch = 0.1436567576366477
