trento-args = Pb Pb --cross-section 7.0 --normalization 22.462115436501755 --reduced-thickness 0.006933266567175833 --fluctuation 0.7873345809943365 --nucleon-min-dist 0.9893089179302763
nucleon-width = 1.146467082532841
tau-fs = 1.285220552633023
hydro-args = etas_hrg=0.13593395846785047 etas_min=0.0442077540772968 etas_slope=1.976844047984108 etas_curv=-0.6455494767080057 zetas_max=0.09678776275976561 zetas_width=0.0351114366177935 zetas_t0=0.18633744380178396
Tswitch = 0.1401636620462034
