trento-args = Pb Pb --cross-section 7.0 --normalization 16.916605067917114 --reduced-thickness 0.007551223055043444 --fluctuation 2.257036222111308 --nucleon-min-dist 1.1012117157715724
nucleon-width = 0.9084660414143672
tau-fs = 0.9522548721498156
hydro-args = etas_hrg=0.14487884002021048 etas_min=0.12051094079837199 etas_slope=0.68630958052352 etas_curv=-0.619373998999224 zetas_max=0.0318121866156347 zetas_width=0.08416875872300011 zetas_t0=0.15306278099652845
Tswitch = 0.15729435658450241
