trento-args = Pb Pb --cross-section 7.0 --normalization 20.38696472266445 --reduced-thickness 0.00962253762350939 --fluctuation 0.7556691001984795 --nucleon-min-dist 1.2719515681396638
nucleon-width = 0.8232866842054039
tau-fs = 0.8570175814682156
hydro-args = etas_hrg=0.16427279714404142 etas_min=0.1084630207980982 etas_slope=1.32553262156248 etas_curv=-0.5733109453434138 zetas_max=0.0477120708149858 zetas_width=0.037290675566904206 zetas_t0=0.1756795148662757
Tswitch = 0.1623693720548926
