trento-args = Pb Pb --cross-section 7.0 --normalization 23.244883389280723 --reduced-thickness 0.005211789779026807 --fluctuation 1.1949427919739453 --nucleon-min-dist 1.2729442238907176
nucleon-width = 0.7410425914790685
tau-fs = 1.2250370207237595
hydro-args = etas_hrg=0.1502766544705583 etas_min=0.028079022201709405 etas_slope=2.76501185786538 etas_curv=-1.266229348347895 zetas_max=0.017845432466641102 zetas_width=0.0592211875549052 zetas_t0=0.17268649476780557
Tswitch = 0.16022450266587082
