trento-args = Pb Pb --cross-section 7.0 --normalization 24.863450805799665 --reduced-thickness 0.0056947547270704045 --fluctuation 1.1747288499054884 --nucleon-min-dist 1.3715254320068002
nucleon-width = 0.8078040478832198
tau-fs = 1.1868972214602775
hydro-args = etas_hrg=0.14395655101757962 etas_min=0.060637843390181606 etas_slope=0.126403534365818 etas_curv=-1.0331631182579333 zetas_max=0.08830999481687321 zetas_width=0.0211725561872125 zetas_t0=0.19238529658229092
Tswitch = 0.1427079919063719
