trento-args = Pb Pb --cross-section 7.0 --normalization 22.490629831092296 --reduced-thickness 0.008683827501195672 --fluctuation 1.275782585678991 --nucleon-min-dist 1.50902146801107
nucleon-width = 0.8643052377561347
tau-fs = 1.4248633545060496
hydro-args = etas_hrg=0.1372425624428736 etas_min=0.0243070793691092 etas_slope=2.526384501814844 etas_curv=0.3164866780886886 zetas_max=0.09043644491238521 zetas_width=0.062401078632101405 zetas_t0=0.15763344729705714
Tswitch = 0.15823408659382257
