trento-args = Pb Pb --cross-section 7.0 --normalization 17.807734301363414 --reduced-thickness 0.00714376924070157 --fluctuation 1.9818020381142925 --nucleon-min-dist 1.1808839308632457
nucleon-width = 0.6937445108242042
tau-fs = 0.7699784186704133
hydro-args = etas_hrg=0.15754912535838783 etas_min=0.10569454354736961 etas_slope=0.3383783035147936 etas_curv=-0.2567408438466483 zetas_max=0.0710884573161136 zetas_width=0.051531507830973704 zetas_t0=0.19998152188614476
Tswitch = 0.14216533293580635
