trento-args = Pb Pb --cross-section 7.0 --normalization 22.996505963617192 --reduced-thickness 0.005653519454042611 --fluctuation 0.8608361940291356 --nucleon-min-dist 1.1418764985065017
nucleon-width = 0.6855698454871927
tau-fs = 0.22833018604734864
hydro-args = etas_hrg=0.14382580712176862 etas_min=0.10114220771780241 etas_slope=2.909436952002348 etas_curv=-1.0396574593430858 zetas_max=0.0822337685551029 zetas_width=0.0505340417678002 zetas_t0=0.19428647704769392
Tswitch = 0.13631485890714917
