trento-args = Pb Pb --cross-section 7.0 --normalization 19.273126328626642 --reduced-thickness 0.007462279703075439 --fluctuation 2.4202914830449163 --nucleon-min-dist 1.1543335088709537
nucleon-width = 0.7094193937689126
tau-fs = 0.7402967040058082
hydro-args = etas_hrg=0.16301982657129876 etas_min=0.058089150469563804 etas_slope=2.446969785680996 etas_curv=0.02658441659179611 zetas_max=0.0416631880210247 zetas_width=0.026762565452931403 zetas_t0=0.1641428477599751
Tswitch = 0.15229076858810148
