trento-args = Pb Pb --cross-section 7.0 --normalization 22.097050205939578 --reduced-thickness 0.009533887698400766 --fluctuation 0.7269571828760496 --nucleon-min-dist 1.060439193326156
nucleon-width = 1.111382088934078
tau-fs = 0.2903560878261231
hydro-args = etas_hrg=0.16429748505616096 etas_min=0.08796383138680841 etas_slope=1.22262996872142 etas_curv=0.5781871623682793 zetas_max=0.07014647293537861 zetas_width=0.0138904025543481 zetas_t0=0.15961305630975406
Tswitch = 0.1471714828668069
