trento-args = Pb Pb --cross-section 7.0 --normalization 16.821924881203877 --reduced-thickness 0.008527036400986836 --fluctuation 1.4500762657235329 --nucleon-min-dist 0.9627476785419204
nucleon-width = 1.1902024751635905
tau-fs = 0.595547847759844
hydro-args = etas_hrg=0.1406104023523908 etas_min=0.17117726414622741 etas_slope=0.805032108180224 etas_curv=0.5351734563354396 zetas_max=0.012340720149735002 zetas_width=0.0584090883955825 zetas_t0=0.19110818652762102
Tswitch = 0.1555292985032173
