trento-args = Pb Pb --cross-section 7.0 --normalization 23.171579474465013 --reduced-thickness 0.0058191038857750566 --fluctuation 0.7499059190129087 --nucleon-min-dist 1.2604547962211372
nucleon-width = 0.9554334138587213
tau-fs = 1.0485925045770685
hydro-args = etas_hrg=0.1618791504345741 etas_min=0.0523932207695208 etas_slope=3.186447369428352 etas_curv=-0.9198443450422036 zetas_max=0.0021296731219627003 zetas_width=0.06986322927954611 zetas_t0=0.1932058048065286
Tswitch = 0.14453605058992747
