trento-args = Pb Pb --cross-section 7.0 --normalization 16.8061669513552 --reduced-thickness 0.007410195279147103 --fluctuation 1.7240449163501474 --nucleon-min-dist 1.3229814415630483
nucleon-width = 1.015053535164216
tau-fs = 0.48066372309160477
hydro-args = etas_hrg=0.1614162020470435 etas_min=0.16531086164815362 etas_slope=1.917713654391468 etas_curv=0.7581385672720613 zetas_max=0.04342365464423781 zetas_width=0.0271230842367746 zetas_t0=0.17680525404813235
Tswitch = 0.13661584217936731
