trento-args = Pb Pb --cross-section 7.0 --normalization 20.941610054610166 --reduced-thickness 0.006353088735046239 --fluctuation 2.8802080984709435 --nucleon-min-dist 0.9592564364550975
nucleon-width = 1.0920511420857633
tau-fs = 1.1779413512821306
hydro-args = etas_hrg=0.14045216145315673 etas_min=0.13615186697617182 etas_slope=1.76798463395424 etas_curv=-1.0457427257801413 zetas_max=0.033213024634262504 zetas_width=0.0619842371498235 zetas_t0=0.181066061420762
Tswitch = 0.14668331793886608
