trento-args = Pb Pb --cross-section 7.0 --normalization 21.647435416024052 --reduced-thickness 0.006919855048190056 --fluctuation 1.532497448583211 --nucleon-min-dist 1.3239176021361765
nucleon-width = 1.0479186567620566
tau-fs = 0.20437908638510827
hydro-args = etas_hrg=0.13964920515799428 etas_min=0.15240029301941402 etas_slope=2.365930605575444 etas_curv=0.2156431347622061 zetas_max=0.031139316494390404 zetas_width=0.0572519060202409 zetas_t0=0.15201081509280484
Tswitch = 0.15869643521224613
