trento-args = Pb Pb --cross-section 7.0 --normalization 22.387705956575452 --reduced-thickness 0.004606549039401486 --fluctuation 2.773559992609001 --nucleon-min-dist 1.4464306479327171
nucleon-width = 0.8718985178745092
tau-fs = 1.0535375217832066
hydro-args = etas_hrg=0.14689498842185364 etas_min=0.0723655649570748 etas_slope=1.909403970092536 etas_curv=0.27771583984550174 zetas_max=0.00406273390115239 zetas_width=0.0775091241077986 zetas_t0=0.18062139957412146
Tswitch = 0.15962188325876836
