trento-args = Pb Pb --cross-section 7.0 --normalization 18.073399157988234 --reduced-thickness 0.004741622944311052 --fluctuation 1.0344905973477088 --nucleon-min-dist 1.2407749937615835
nucleon-width = 0.7142058159142844
tau-fs = 1.2860007446213808
hydro-args = etas_hrg=0.1530287419807166 etas_min=0.161738209671434 etas_slope=0.739418066794052 etas_curv=0.46293638035659734 zetas_max=0.0167631357848644 zetas_width=0.014880459418706603 zetas_t0=0.17300520835164934
Tswitch = 0.13789889978237452
