trento-args = Pb Pb --cross-section 7.0 --normalization 19.74227880597435 --reduced-thickness 0.004817513917027039 --fluctuation 0.9158868351408962 --nucleon-min-dist 1.159154286651684
nucleon-width = 1.0136449814692863
tau-fs = 1.3864143809283662
hydro-args = etas_hrg=0.1364886703516217 etas_min=0.0881789253280498 etas_slope=2.216085420032964 etas_curv=-0.9382070730458014 zetas_max=0.0341014224074781 zetas_width=0.0722592736566439 zetas_t0=0.19569116956770885
Tswitch = 0.1591180720586702
