trento-args = Pb Pb --cross-section 7.0 --normalization 17.172189902535607 --reduced-thickness 0.005378332743905486 --fluctuation 3.1969240485128596 --nucleon-min-dist 1.134982377303318
nucleon-width = 1.0827960232993554
tau-fs = 1.0807831704599595
hydro-args = etas_hrg=0.13989748783685269 etas_min=0.0678553681110032 etas_slope=3.315467669723556 etas_curv=0.7974820528806179 zetas_max=0.0171435811209492 zetas_width=0.0209346486496273 zetas_t0=0.18504036571085455
Tswitch = 0.1519334029539535
