trento-args = Pb Pb --cross-section 7.0 --normalization 24.520919558656523 --reduced-thickness 0.006036802285145968 --fluctuation 2.3083785330127977 --nucleon-min-dist 1.3501968032976381
nucleon-width = 1.0970107009355448
tau-fs = 0.18752601857090384
hydro-args = etas_hrg=0.15949043715798297 etas_min=0.1674701679018326 etas_slope=2.588895270146428 etas_curv=0.07348640370480752 zetas_max=0.0937936359824147 zetas_width=0.0218622882932425 zetas_t0=0.16903846109516454
Tswitch = 0.1509933086730307
