trento-args = Pb Pb --cross-section 7.0 --normalization 20.764927676139514 --reduced-thickness 0.007829188956230505 --fluctuation 1.736861802583212 --nucleon-min-dist 1.4127744319092765
nucleon-width = 1.1860936264861417
tau-fs = 1.1588965047451756
hydro-args = etas_hrg=0.1406793389985245 etas_min=0.0364664370783604 etas_slope=3.340227014042436 etas_curv=0.6612967573175663 zetas_max=0.0813337631951552 zetas_width=0.07970164300682951 zetas_t0=0.19021748693711127
Tswitch = 0.15189660535662902
