trento-args = Pb Pb --cross-section 7.0 --normalization 17.10171937135481 --reduced-thickness 0.0072730147476151585 --fluctuation 1.3499389918359752 --nucleon-min-dist 1.441654975500873
nucleon-width = 1.212839624980643
tau-fs = 0.9248580701508753
hydro-args = etas_hrg=0.15855241685644259 etas_min=0.0459335880515166 etas_slope=0.2677271932698788 etas_curv=-1.033343936849247 zetas_max=0.00364244272666983 zetas_width=0.07768196101961661 zetas_t0=0.19049483903711661
Tswitch = 0.14193976639525965
