trento-args = Pb Pb --cross-section 7.0 --normalization 16.61771699908941 --reduced-thickness 0.008709312887734178 --fluctuation 1.892815332241713 --nucleon-min-dist 1.0332192540137626
nucleon-width = 1.1122747614957196
tau-fs = 0.30193878865758883
hydro-args = etas_hrg=0.1609610931546148 etas_min=0.1088422515169718 etas_slope=1.419959477160128 etas_curv=-0.9267648372129064 zetas_max=0.0173466402425896 zetas_width=0.0863527949023526 zetas_t0=0.1929382362560602
Tswitch = 0.1532705560217891
