trento-args = Pb Pb --cross-section 7.0 --normalization 23.676716776096153 --reduced-thickness 0.005612280852219087 --fluctuation 0.9528303773563644 --nucleon-min-dist 1.072343224309987
nucleon-width = 1.1942094148645817
tau-fs = 0.4466797914650985
hydro-args = etas_hrg=0.14780284836006816 etas_min=0.0944917718955316 etas_slope=0.3865380435325204 etas_curv=-1.0752920478601942 zetas_max=0.0302114047198091 zetas_width=0.046981107608974004 zetas_t0=0.183800476151309
Tswitch = 0.140024664093568
