trento-args = Pb Pb --cross-section 7.0 --normalization 24.220400669875836 --reduced-thickness 0.009716366422853243 --fluctuation 3.016546398488655 --nucleon-min-dist 1.2242164925093848
nucleon-width = 0.7973534932645123
tau-fs = 1.2111088618889596
hydro-args = etas_hrg=0.14932582167509015 etas_min=0.16058123933682222 etas_slope=2.128071758389472 etas_curv=-0.7143953235740312 zetas_max=0.0428513102095108 zetas_width=0.013565211484395002 zetas_t0=0.19219412465600766
Tswitch = 0.1452822781064501
