trento-args = Pb Pb --cross-section 7.0 --normalization 22.471767568129565 --reduced-thickness 0.0068972156780559585 --fluctuation 0.9109404380604359 --nucleon-min-dist 1.4313597123777284
nucleon-width = 0.9135596225159877
tau-fs = 0.29890696914358117
hydro-args = etas_hrg=0.15549716434450822 etas_min=0.15214134263014423 etas_slope=1.951194276383148 etas_curv=0.8896265597689903 zetas_max=0.08187914095832971 zetas_width=0.099804521792708 zetas_t0=0.17764925839118662
Tswitch = 0.16346009591795505
