trento-args = Pb Pb --cross-section 7.0 --normalization 17.482993331210402 --reduced-thickness 0.00620242809693776 --fluctuation 0.7916726359062525 --nucleon-min-dist 1.1473750754111764
nucleon-width = 0.7848288954666044
tau-fs = 0.4237439750681079
hydro-args = etas_hrg=0.15241971055495554 etas_min=0.096404789261613 etas_slope=1.356008447630332 etas_curv=0.43682977055082994 zetas_max=0.09032928856615911 zetas_width=0.0706569034541957 zetas_t0=0.17299856815601236
Tswitch = 0.15252097882497592
