trento-args = Pb Pb --cross-section 7.0 --normalization 22.52561330963673 --reduced-thickness 0.005726240193396436 --fluctuation 1.6820547287532688 --nucleon-min-dist 0.903067875929869
nucleon-width = 0.6907901282805502
tau-fs = 0.4641236746740386
hydro-args = etas_hrg=0.14168545484593606 etas_min=0.000566764676943422 etas_slope=2.91796968211606 etas_curv=0.2229195282467178 zetas_max=0.0182568777068518 zetas_width=0.027883140995958802 zetas_t0=0.1745885674126679
Tswitch = 0.13730111521515997
