trento-args = Pb Pb --cross-section 7.0 --normalization 24.12289482793387 --reduced-thickness 0.00674431646675281 --fluctuation 3.2173561029710136 --nucleon-min-dist 1.4812849275865851
nucleon-width = 0.8655702394636695
tau-fs = 1.3106407614390456
hydro-args = etas_hrg=0.16274745973338842 etas_min=0.12035636729262761 etas_slope=0.628588702745736 etas_curv=0.3720996002992609 zetas_max=0.0290562078102492 zetas_width=0.0341147126828786 zetas_t0=0.19812990909372458
Tswitch = 0.15663001799343154
