trento-args = Pb Pb --cross-section 7.0 --normalization 18.528392451656554 --reduced-thickness 0.006576889053432644 --fluctuation 0.9656309277433696 --nucleon-min-dist 1.5037102405087646
nucleon-width = 1.0577977048214209
tau-fs = 0.5613951108968903
hydro-args = etas_hrg=0.14474553156583106 etas_min=0.0857181175904348 etas_slope=3.520725966531784 etas_curv=-0.435056755594724 zetas_max=0.09385234456919131 zetas_width=0.0453016245619394 zetas_t0=0.18736795694958422
Tswitch = 0.15735255968732761
