trento-args = Pb Pb --cross-section 7.0 --normalization 19.660154237340507 --reduced-thickness 0.005320092156419157 --fluctuation 0.9834561504620247 --nucleon-min-dist 1.1566829384096693
nucleon-width = 0.8443418836365026
tau-fs = 0.37915663743304506
hydro-args = etas_hrg=0.15208878128972836 etas_min=0.0820013000636362 etas_slope=2.054611839275808 etas_curv=0.3145525445488746 zetas_max=0.0108460702624638 zetas_width=0.016974721213476703 zetas_t0=0.19405718773705885
Tswitch = 0.15440980388486758
