trento-args = Pb Pb --cross-section 7.0 --normalization 21.59972596857156 --reduced-thickness 0.008931637302709744 --fluctuation 1.923655253079787 --nucleon-min-dist 1.3614111751020073
nucleon-width = 0.9774874624476197
tau-fs = 0.635401427294403
hydro-args = etas_hrg=0.13992299389420543 etas_min=0.032175381690170604 etas_slope=3.159286955870688 etas_curv=0.44791018933490867 zetas_max=0.0542613740861416 zetas_width=0.0799642393018119 zetas_t0=0.15819260614134834
Tswitch = 0.13673976876836735
