trento-args = Pb Pb --cross-section 7.0 --normalization 24.057419684390887 --reduced-thickness 0.007863515916191784 --fluctuation 1.9684033990703373 --nucleon-min-dist 1.2527431219004113
nucleon-width = 0.8606855064248806
tau-fs = 0.5469949077574447
hydro-args = etas_hrg=0.16263310908464715 etas_min=0.1855011795642786 etas_slope=0.77164933502674 etas_curv=-0.06709841653113169 zetas_max=0.010697411084547602 zetas_width=0.0062011650131084005 zetas_t0=0.17422965320672376
Tswitch = 0.14402202532891187
