trento-args = Pb Pb --cross-section 7.0 --normalization 22.35876134676314 --reduced-thickness 0.006135775343313812 --fluctuation 0.7287590673110765 --nucleon-min-dist 1.369968589576953
nucleon-width = 0.7571639765884435
tau-fs = 0.6161618201785213
hydro-args = etas_hrg=0.16085030102047138 etas_min=0.1026448521714658 etas_slope=0.521607497300952 etas_curv=-0.9686810305846866 zetas_max=0.0917197508405894 zetas_width=0.08672388389385301 zetas_t0=0.1775212203415809
Tswitch = 0.13846062087454833
