trento-args = Pb Pb --cross-section 7.0 --normalization 24.415604754098688 --reduced-thickness 0.006081339430649577 --fluctuation 1.6336810266600457 --nucleon-min-dist 1.3748451491242977
nucleon-width = 0.7732495211620896
tau-fs = 0.14573961714109407
hydro-args = etas_hrg=0.1470294465595996 etas_min=0.0341158282115124 etas_slope=2.439754980374128 etas_curv=-0.9088685008968218 zetas_max=0.0268393945857417 zetas_width=0.084639874106925 zetas_t0=0.18420220555586275
Tswitch = 0.14454793772033417
