trento-args = Pb Pb --cross-section 7.0 --normalization 22.84535058364266 --reduced-thickness 0.005840598703279345 --fluctuation 1.1414980836129731 --nucleon-min-dist 1.2221420094781383
nucleon-width = 1.173856193037187
tau-fs = 1.2667883219731093
hydro-args = etas_hrg=0.14356604004349097 etas_min=0.14088059099055822 etas_slope=2.088718764983116 etas_curv=0.4797225730780039 zetas_max=0.0189712446918711 zetas_width=0.0105412988049444 zetas_t0=0.1927515448559774
Tswitch = 0.1479343754909467
