trento-args = Pb Pb --cross-section 7.0 --normalization 20.810780843772832 --reduced-thickness 0.005277643490776417 --fluctuation 1.0140237813834752 --nucleon-min-dist 1.406149600410427
nucleon-width = 0.7925846693470826
tau-fs = 0.38537658772156147
hydro-args = etas_hrg=0.1402494095867034 etas_min=0.011737624011654402 etas_slope=0.751616090657188 etas_curv=0.6149107672828258 zetas_max=0.0118173380036838 zetas_width=0.08276065474553031 zetas_t0=0.17024414130023216
Tswitch = 0.14413222289128697
