trento-args = Pb Pb --cross-section 7.0 --normalization 21.797139628023572 --reduced-thickness 0.0056079267165672015 --fluctuation 1.1258040771675175 --nucleon-min-dist 1.3694388639006922
nucleon-width = 0.876338199978099
tau-fs = 0.9605270559535826
hydro-args = etas_hrg=0.14372128226305358 etas_min=0.165628193591442 etas_slope=2.388691516309976 etas_curv=0.4528400082905317 zetas_max=0.0933749889707193 zetas_width=0.05328516487688761 zetas_t0=0.19416944209970535
Tswitch = 0.1490180134595884
