trento-args = Pb Pb --cross-section 7.0 --normalization 17.3542248505573 --reduced-thickness 0.009568267566321044 --fluctuation 2.1327607235106054 --nucleon-min-dist 1.096132279500077
nucleon-width = 0.9625403592053207
tau-fs = 0.7537398485741538
hydro-args = etas_hrg=0.1397539283669321 etas_min=0.1138156424087472 etas_slope=2.312660791754724 etas_curv=0.20814010551604434 zetas_max=0.09684650553036481 zetas_width=0.0317019111137837 zetas_t0=0.18767275345074017
Tswitch = 0.15895743441531435
