trento-args = Pb Pb --cross-section 7.0 --normalization 23.705158423046086 --reduced-thickness 0.009724623056288061 --fluctuation 0.722742968546406 --nucleon-min-dist 1.1742730768595326
nucleon-width = 0.8542975668152977
tau-fs = 0.4730317171532662
hydro-args = etas_hrg=0.1376643541945098 etas_min=0.0395861953420564 etas_slope=2.732357609553264 etas_curv=-0.34353087137509153 zetas_max=0.043908829603437304 zetas_width=0.000585177785297856 zetas_t0=0.15663487883780614
Tswitch = 0.14288780901715625
