trento-args = Pb Pb --cross-section 7.0 --normalization 22.338038810447532 --reduced-thickness 0.006622298138350619 --fluctuation 1.0080853932861853 --nucleon-min-dist 1.2736009293751807
nucleon-width = 1.0938110550166462
tau-fs = 0.8831056433836039
hydro-args = etas_hrg=0.14642088902106512 etas_min=0.0648143884425052 etas_slope=0.859421708527952 etas_curv=-0.8128723602795502 zetas_max=0.0942010558703449 zetas_width=0.0153618145982269 zetas_t0=0.1608391239859164
Tswitch = 0.15654051433625166
