trento-args = Pb Pb --cross-section 7.0 --normalization 19.24788977189356 --reduced-thickness 0.00938884383153468 --fluctuation 1.363848903770069 --nucleon-min-dist 1.31743576971582
nucleon-width = 1.1775397919836326
tau-fs = 0.5178972831559036
hydro-args = etas_hrg=0.16404033877342009 etas_min=0.10812680733203882 etas_slope=0.618837916456164 etas_curv=-0.7728114418189973 zetas_max=0.070465062319627 zetas_width=0.026521196981007203 zetas_t0=0.19195195376104676
Tswitch = 0.14835226477478633
