trento-args = Pb Pb --cross-section 7.0 --normalization 17.84661010558495 --reduced-thickness 0.008135348626640442 --fluctuation 0.869365053656762 --nucleon-min-dist 1.4783204875652383
nucleon-width = 1.0033419835534914
tau-fs = 0.6695853933400572
hydro-args = etas_hrg=0.1457151429145737 etas_min=0.10487534392056981 etas_slope=0.45452454471588 etas_curv=-1.2871845533505548 zetas_max=0.0534031209158245 zetas_width=0.08485367858591492 zetas_t0=0.1826540529673919
Tswitch = 0.1608715952627035
