trento-args = Pb Pb --cross-section 7.0 --normalization 18.78975090822484 --reduced-thickness 0.009590334573404115 --fluctuation 0.839102873925129 --nucleon-min-dist 0.953703839528765
nucleon-width = 0.7196659057236243
tau-fs = 0.8528824819488129
hydro-args = etas_hrg=0.15703136786140504 etas_min=0.127420463269204 etas_slope=1.53064077169262 etas_curv=0.38475772576257583 zetas_max=0.011052035084227101 zetas_width=0.0272793355314992 zetas_t0=0.1631367617877433
Tswitch = 0.1390362869654037
