trento-args = Pb Pb --cross-section 7.0 --normalization 24.57078041926829 --reduced-thickness 0.008602470519965884 --fluctuation 1.4007397611846224 --nucleon-min-dist 1.0501653149706045
nucleon-width = 1.031177765598325
tau-fs = 0.33225236886267107
hydro-args = etas_hrg=0.1611070345437527 etas_min=0.16095411744192242 etas_slope=1.043251894174144 etas_curv=0.7994632004288491 zetas_max=0.057221128615411 zetas_width=0.08457568342285231 zetas_t0=0.15976111126716713
Tswitch = 0.14988205137657468
