trento-args = Pb Pb --cross-section 7.0 --normalization 22.242412834878962 --reduced-thickness 0.004891468547571822 --fluctuation 2.592181784426161 --nucleon-min-dist 1.057796132358022
nucleon-width = 0.9478682442594124
tau-fs = 0.1373685920340288
hydro-args = etas_hrg=0.1553979111914942 etas_min=0.042735858763475 etas_slope=3.279075067484752 etas_curv=-0.5065513874175489 zetas_max=0.07998301436654291 zetas_width=0.036832150913775 zetas_t0=0.16776082268289755
Tswitch = 0.14820755087866916
