trento-args = Pb Pb --cross-section 7.0 --normalization 20.497901425939396 --reduced-thickness 0.008388384523579106 --fluctuation 3.139021326413283 --nucleon-min-dist 1.3828246086696803
nucleon-width = 1.1816132325787074
tau-fs = 0.5748324947778417
hydro-args = etas_hrg=0.14994945044801106 etas_min=0.1626978411994874 etas_slope=0.0731752236448228 etas_curv=0.9619866998776316 zetas_max=0.08662755201975811 zetas_width=0.025879775428213198 zetas_t0=0.1564918469035765
Tswitch = 0.15294723919930403
