trento-args = Pb Pb --cross-section 7.0 --normalization 17.97800563778846 --reduced-thickness 0.008839088313065466 --fluctuation 1.1492624614633336 --nucleon-min-dist 1.085682590892737
nucleon-width = 1.069598435192788
tau-fs = 1.2590195310585615
hydro-args = etas_hrg=0.15521922040393576 etas_min=0.0362654868598096 etas_slope=0.09659257167764 etas_curv=-0.6958635120583225 zetas_max=0.0773815847498365 zetas_width=0.0601990937256254 zetas_t0=0.1551035006389953
Tswitch = 0.1644656111047184
