trento-args = Pb Pb --cross-section 7.0 --normalization 17.696966370037757 --reduced-thickness 0.008057431879439948 --fluctuation 0.8124004413103747 --nucleon-min-dist 1.0457562261974536
nucleon-width = 0.80948781915656
tau-fs = 1.3053683963992964
hydro-args = etas_hrg=0.1433653575082915 etas_min=0.00304200309244916 etas_slope=0.03285755579359828 etas_curv=-0.7833033622174513 zetas_max=0.063372351591941 zetas_width=0.06967886172016151 zetas_t0=0.19503989569575061
Tswitch = 0.14889131500224118
