trento-args = Pb Pb --cross-section 7.0 --normalization 21.921353231471766 --reduced-thickness 0.008222515145047755 --fluctuation 2.071051993147765 --nucleon-min-dist 1.3584129176205815
nucleon-width = 0.6771208328403104
tau-fs = 1.405786201471835
hydro-args = etas_hrg=0.15223694440970198 etas_min=0.1445717819274404 etas_slope=1.34364856111072 etas_curv=-0.3735172798756977 zetas_max=0.0121161644374952 zetas_width=0.0915939207714051 zetas_t0=0.19013108108630405
Tswitch = 0.16134075012995863
