trento-args = Pb Pb --cross-section 7.0 --normalization 19.83970349089589 --reduced-thickness 0.007969663226629422 --fluctuation 1.5996030634772958 --nucleon-min-dist 1.3426823621570185
nucleon-width = 1.233732301391676
tau-fs = 0.8082833008035512
hydro-args = etas_hrg=0.14070024637770373 etas_min=0.05782423152606941 etas_slope=2.2765049894806 etas_curv=-0.5211739858151411 zetas_max=0.0321821527228691 zetas_width=0.0183777125583962 zetas_t0=0.18482760702033996
Tswitch = 0.14166777068907863
