trento-args = Pb Pb --cross-section 7.0 --normalization 18.79865668798501 --reduced-thickness 0.008888062716158478 --fluctuation 1.8446613825654254 --nucleon-min-dist 1.336696334906148
nucleon-width = 1.1254137650689584
tau-fs = 1.1484933187125952
hydro-args = etas_hrg=0.14842344909239094 etas_min=0.1911274712001904 etas_slope=3.19773654737696 etas_curv=-0.18998907538447485 zetas_max=0.03606607113434 zetas_width=0.0990303369381465 zetas_t0=0.17311907056088094
Tswitch = 0.14785143739525697
