trento-args = Pb Pb --cross-section 7.0 --normalization 18.751465630329328 --reduced-thickness 0.009312368938265366 --fluctuation 1.8221136252774723 --nucleon-min-dist 1.1612469969999957
nucleon-width = 0.9053420760036806
tau-fs = 1.460510318660788
hydro-args = etas_hrg=0.1457736264987057 etas_min=0.0384560895333998 etas_slope=3.947832621570676 etas_curv=-0.4877215148929517 zetas_max=0.012646905648242703 zetas_width=0.045673575091641404 zetas_t0=0.1558890542494599
Tswitch = 0.14525922510668635
