trento-args = Pb Pb --cross-section 7.0 --normalization 24.31770513592666 --reduced-thickness 0.009185289140885693 --fluctuation 0.6139324133972851 --nucleon-min-dist 1.0236100817147706
nucleon-width = 0.9656850487321353
tau-fs = 1.2267412713212709
hydro-args = etas_hrg=0.14172876181416214 etas_min=0.0929572648262606 etas_slope=2.850131063383072 etas_curv=-0.16670516359922583 zetas_max=0.0843305150433909 zetas_width=0.0499930431327317 zetas_t0=0.155403242523293
Tswitch = 0.13538532930267044
