trento-args = Pb Pb --cross-section 7.0 --normalization 23.365355395730344 --reduced-thickness 0.005490875582436473 --fluctuation 1.1067381927762823 --nucleon-min-dist 1.5201061341523046
nucleon-width = 0.9761859416131617
tau-fs = 0.3824605479518416
hydro-args = etas_hrg=0.1596933968115086 etas_min=0.10785877256672821 etas_slope=1.177876612309368 etas_curv=-0.15884887413517546 zetas_max=0.0006483927302062511 zetas_width=0.012581229309598 zetas_t0=0.19459101205826734
Tswitch = 0.1489335889096046
