trento-args = Pb Pb --cross-section 7.0 --normalization 17.096716817324083 --reduced-thickness 0.007701606115007772 --fluctuation 0.6818670436328974 --nucleon-min-dist 0.9448315961724071
nucleon-width = 0.7708530187130859
tau-fs = 0.777599911871106
hydro-args = etas_hrg=0.13793023097032217 etas_min=0.18647894793292502 etas_slope=2.774410234702752 etas_curv=0.4592164112046824 zetas_max=0.04037539986325431 zetas_width=0.0155333681752905 zetas_t0=0.15190898280418477
Tswitch = 0.14578147236201447
