trento-args = Pb Pb --cross-section 7.0 --normalization 18.58578043472255 --reduced-thickness 0.008485565145520865 --fluctuation 1.3955323873263474 --nucleon-min-dist 1.4050982956168663
nucleon-width = 0.8425234814376261
tau-fs = 0.46030846796492597
hydro-args = etas_hrg=0.14343144666081759 etas_min=0.010746794530563061 etas_slope=1.090806876666844 etas_curv=-0.1079306617415976 zetas_max=0.0889499674926978 zetas_width=0.0455872820118442 zetas_t0=0.19925381798187736
Tswitch = 0.15980873568115755
