trento-args = Pb Pb --cross-section 7.0 --normalization 16.677741914867624 --reduced-thickness 0.006769340794982388 --fluctuation 0.7453277576409009 --nucleon-min-dist 1.2775941669795785
nucleon-width = 1.0515030977471393
tau-fs = 1.2384725069876248
hydro-args = etas_hrg=0.15577077791344374 etas_min=0.0460203733372502 etas_slope=0.02625024455040692 etas_curv=0.28532291676448707 zetas_max=0.0215163780331146 zetas_width=0.07512024381738161 zetas_t0=0.16404457192113625
Tswitch = 0.13754253760857973
