trento-args = Pb Pb --cross-section 7.0 --normalization 22.65929558393937 --reduced-thickness 0.0075787251580972225 --fluctuation 1.1091418157451305 --nucleon-min-dist 1.0642372641373046
nucleon-width = 1.2254359876242906
tau-fs = 0.5228806447199592
hydro-args = etas_hrg=0.15325611891433596 etas_min=0.1198641918247566 etas_slope=3.733516309391708 etas_curv=-0.20228405212471268 zetas_max=0.0921682922148146 zetas_width=0.05122644672230821 zetas_t0=0.17468106812126935
Tswitch = 0.1621621028235974
