trento-args = Pb Pb --cross-section 7.0 --normalization 23.965643686950077 --reduced-thickness 0.006446754282236469 --fluctuation 1.3311577200041695 --nucleon-min-dist 1.4372436491850316
nucleon-width = 0.8612435182001295
tau-fs = 0.10740320663639351
hydro-args = etas_hrg=0.16103960076367949 etas_min=0.00031375014241784803 etas_slope=1.387259163770824 etas_curv=-0.4597139112825045 zetas_max=0.07420342287626121 zetas_width=0.023881678175041502 zetas_t0=0.19780747092776002
Tswitch = 0.1497685811091168
