trento-args = Pb Pb --cross-section 7.0 --normalization 17.748454736585174 --reduced-thickness 0.00920951880928017 --fluctuation 1.2601244219028758 --nucleon-min-dist 1.4580974432118805
nucleon-width = 0.7554467214161582
tau-fs = 0.10476427260364413
hydro-args = etas_hrg=0.16158541086390152 etas_min=0.0939515371089802 etas_slope=0.939735565247016 etas_curv=-0.5939347348891193 zetas_max=0.052019067427888505 zetas_width=0.008568596021458512 zetas_t0=0.152409876249847
Tswitch = 0.15977484808734155
