trento-args = Pb Pb --cross-section 7.0 --normalization 22.7801548046656 --reduced-thickness 0.008538702963403614 --fluctuation 0.6931099704981563 --nucleon-min-dist 1.1803369026430415
nucleon-width = 0.8268675926313607
tau-fs = 0.38937903086734427
hydro-args = etas_hrg=0.16105080792276655 etas_min=0.040374329776782604 etas_slope=3.679535495998336 etas_curv=-0.9503409283283639 zetas_max=0.07648365315888081 zetas_width=0.0071414145634044 zetas_t0=0.16587229045364074
Tswitch = 0.16181931598424446
