trento-args = Pb Pb --cross-section 7.0 --normalization 19.913377276875835 --reduced-thickness 0.00515539098300114 --fluctuation 2.2257878404282327 --nucleon-min-dist 1.1575821570738234
nucleon-width = 1.137350725854229
tau-fs = 0.1656923131709593
hydro-args = etas_hrg=0.14515091876911934 etas_min=0.0290713234458118 etas_slope=1.4478240862526 etas_curv=-0.6029652635945933 zetas_max=0.01344948543231 zetas_width=0.08743222385081462 zetas_t0=0.17212082396720071
Tswitch = 0.15047219672671985
