trento-args = Pb Pb --cross-section 7.0 --normalization 22.76651039930572 --reduced-thickness 0.007366228932442889 --fluctuation 0.6416073326154185 --nucleon-min-dist 1.1361909165078536
nucleon-width = 0.7544886213679888
tau-fs = 0.2027996747553216
hydro-args = etas_hrg=0.14157248536384665 etas_min=0.0315305792647414 etas_slope=1.099582998324184 etas_curv=0.34735556852454286 zetas_max=0.0708988877476659 zetas_width=0.0903507027035579 zetas_t0=0.15800430725475303
Tswitch = 0.13517918780185284
