trento-args = Pb Pb --cross-section 7.0 --normalization 24.590572318255028 --reduced-thickness 0.008919233537445587 --fluctuation 1.7004886585310561 --nucleon-min-dist 0.9939328050586654
nucleon-width = 0.728296782379497
tau-fs = 0.5298821342677388
hydro-args = etas_hrg=0.13846974808045662 etas_min=0.128402865704894 etas_slope=0.55350341883488 etas_curv=-0.2809420205772397 zetas_max=0.0651185220764019 zetas_width=0.0179600928737316 zetas_t0=0.15490079331640152
Tswitch = 0.14920879298867193
