trento-args = Pb Pb --cross-section 7.0 --normalization 22.1495888509978 --reduced-thickness 0.004982145473833752 --fluctuation 0.734191875737632 --nucleon-min-dist 1.0550422602090395
nucleon-width = 0.7455718157822334
tau-fs = 1.4931292202750075
hydro-args = etas_hrg=0.15499808177404573 etas_min=0.11743801879957322 etas_slope=3.426690958822144 etas_curv=0.35756914294878905 zetas_max=0.0958131530825049 zetas_width=0.019895690931659202 zetas_t0=0.1772209693959914
Tswitch = 0.15697646707687063
