trento-args = Pb Pb --cross-section 7.0 --normalization 21.041996162302624 --reduced-thickness 0.007897946456476675 --fluctuation 0.8840157714525474 --nucleon-min-dist 0.9064252254602121
nucleon-width = 0.9808278961596737
tau-fs = 1.1138549777585645
hydro-args = etas_hrg=0.14492209979061038 etas_min=0.00165970535138622 etas_slope=2.255475991560148 etas_curv=0.8881194034135442 zetas_max=0.020170406748307904 zetas_width=0.0344637806646526 zetas_t0=0.1740321826657513
Tswitch = 0.15739630104325714
