trento-args = Pb Pb --cross-section 7.0 --normalization 18.966686339792588 --reduced-thickness 0.007427383908327297 --fluctuation 0.6166988027593437 --nucleon-min-dist 1.3455113358994741
nucleon-width = 0.7613276785820051
tau-fs = 1.2945820834337731
hydro-args = etas_hrg=0.14257841292757542 etas_min=0.11223044143263242 etas_slope=2.557137214230372 etas_curv=-0.21487339214612677 zetas_max=0.0221212088303175 zetas_width=0.082015132445097 zetas_t0=0.1587244410115527
Tswitch = 0.14968931727896445
