trento-args = Pb Pb --cross-section 7.0 --normalization 20.959355154272078 --reduced-thickness 0.004593676014880836 --fluctuation 0.7000855291137149 --nucleon-min-dist 1.3161604490113312
nucleon-width = 0.9131926143835665
tau-fs = 0.6415154327467544
hydro-args = etas_hrg=0.15923878860779106 etas_min=0.0085108487763442 etas_slope=1.050441875688732 etas_curv=0.611068096754839 zetas_max=0.0139799060763326 zetas_width=0.0578229071581736 zetas_t0=0.15357168582207523
Tswitch = 0.1645445994579792
