trento-args = Pb Pb --cross-section 7.0 --normalization 21.5262106577307 --reduced-thickness 0.004763395965868232 --fluctuation 1.5564049382162055 --nucleon-min-dist 0.9996119256762136
nucleon-width = 1.1335590048486084
tau-fs = 0.9811358143188804
hydro-args = etas_hrg=0.16176432355277706 etas_min=0.06005383073855201 etas_slope=2.8006824854929 etas_curv=0.031918159382603895 zetas_max=0.0193271664036904 zetas_width=0.0649244098883122 zetas_t0=0.171386001097993
Tswitch = 0.13786663179927505
