trento-args = Pb Pb --cross-section 7.0 --normalization 23.106351152901038 --reduced-thickness 0.008283129301584882 --fluctuation 1.061928047650855 --nucleon-min-dist 1.1756560174865143
nucleon-width = 1.2171415933646919
tau-fs = 0.5083213085871515
hydro-args = etas_hrg=0.13561517186962535 etas_min=0.15731737256832423 etas_slope=3.694111686067656 etas_curv=0.2989298243982723 zetas_max=0.0187261566836853 zetas_width=0.06358469428801909 zetas_t0=0.18292877244695555
Tswitch = 0.14562303315939848
