trento-args = Pb Pb --cross-section 7.0 --normalization 20.84395664870788 --reduced-thickness 0.0051019505703855305 --fluctuation 0.9367011276894063 --nucleon-min-dist 0.9818954649092408
nucleon-width = 0.6692891716394012
tau-fs = 1.1190551601408185
hydro-args = etas_hrg=0.16236485626897776 etas_min=0.0746235665745102 etas_slope=0.1839022187720984 etas_curv=-1.0987686967015269 zetas_max=0.00574756127498113 zetas_width=0.0823580690047704 zetas_t0=0.1856247915482614
Tswitch = 0.15598804298417643
