trento-args = Pb Pb --cross-section 7.0 --normalization 24.114812606556878 --reduced-thickness 0.009125016561498493 --fluctuation 0.7805388328748651 --nucleon-min-dist 1.4333131605371865
nucleon-width = 0.7059124777234964
tau-fs = 1.0757541846215768
hydro-args = etas_hrg=0.15700823606915307 etas_min=0.054530785254947804 etas_slope=3.4796377673354 etas_curv=-0.47283652241872587 zetas_max=0.028066778636956603 zetas_width=0.08994023906313811 zetas_t0=0.15276748962425626
Tswitch = 0.13562855957547204
