trento-args = Pb Pb --cross-section 7.0 --normalization 24.366767375408198 --reduced-thickness 0.00782631523854956 --fluctuation 0.8665114330921198 --nucleon-min-dist 1.2893794251117552
nucleon-width = 1.0677852408471944
tau-fs = 1.146092550322744
hydro-args = etas_hrg=0.1496979328368092 etas_min=0.1241083872224204 etas_slope=0.516630598921328 etas_curv=-0.5238247002494062 zetas_max=0.0575691887157504 zetas_width=0.09765795493195761 zetas_t0=0.17344752758527177
Tswitch = 0.1464472377865529
