trento-args = Pb Pb --cross-section 7.0 --normalization 18.191068398917306 --reduced-thickness 0.006347577342290061 --fluctuation 1.241077505332255 --nucleon-min-dist 1.4755499215395043
nucleon-width = 0.9516752828120935
tau-fs = 0.07330826399833897
hydro-args = etas_hrg=0.14103476383256727 etas_min=0.041166115099005404 etas_slope=2.320982832748444 etas_curv=0.26142062093717944 zetas_max=0.019897696841973803 zetas_width=0.008262519956845791 zetas_t0=0.1501210570636671
Tswitch = 0.1570277783115953
