trento-args = Pb Pb --cross-section 7.0 --normalization 24.8923809180012 --reduced-thickness 0.00800957792486772 --fluctuation 0.6432568013233343 --nucleon-min-dist 0.9760292614851618
nucleon-width = 0.9864044450066827
tau-fs = 0.5116712571403388
hydro-args = etas_hrg=0.15122020425941796 etas_min=0.1341803459245712 etas_slope=2.5965854975041 etas_curv=0.4841224009837033 zetas_max=0.016845909658866003 zetas_width=0.00581735393633135 zetas_t0=0.196849864947726
Tswitch = 0.1619230922166584
