trento-args = Pb Pb --cross-section 7.0 --normalization 21.398502309558378 --reduced-thickness 0.008242726196930186 --fluctuation 0.6292100551457451 --nucleon-min-dist 1.4893065970503285
nucleon-width = 0.6776737188353784
tau-fs = 1.1713711495087384
hydro-args = etas_hrg=0.1475639453853015 etas_min=0.08505179713834081 etas_slope=1.191928093766792 etas_curv=-0.3855855222378869 zetas_max=0.07863257705075671 zetas_width=0.0227850708265789 zetas_t0=0.18570693844407796
Tswitch = 0.15420106283880303
