trento-args = Pb Pb --cross-section 7.0 --normalization 16.69687771887618 --reduced-thickness 0.006147512123328822 --fluctuation 2.5796247368188543 --nucleon-min-dist 1.5147390055927625
nucleon-width = 0.8414172475873967
tau-fs = 0.7456150620075914
hydro-args = etas_hrg=0.14867599459435793 etas_min=0.1797385459966958 etas_slope=3.783753658615052 etas_curv=0.5236461986977603 zetas_max=0.0667289659669623 zetas_width=0.0232456911274232 zetas_t0=0.16157651087408884
Tswitch = 0.14858927095786204
