trento-args = Pb Pb --cross-section 7.0 --normalization 24.49931282273955 --reduced-thickness 0.007660851808287949 --fluctuation 0.7587768314195458 --nucleon-min-dist 1.210521049526122
nucleon-width = 0.9364814109015022
tau-fs = 1.2305196203264455
hydro-args = etas_hrg=0.15228054675091524 etas_min=0.17711418803883722 etas_slope=0.84136332236044 etas_curv=0.2698435169374114 zetas_max=0.060251109547959605 zetas_width=0.00145432803384028 zetas_t0=0.1600060694738524
Tswitch = 0.14127638070738874
