trento-args = Pb Pb --cross-section 7.0 --normalization 23.497811966370808 --reduced-thickness 0.008905893588264288 --fluctuation 0.9390116962462478 --nucleon-min-dist 1.3766661869902626
nucleon-width = 0.8470865753735146
tau-fs = 1.1040124384174403
hydro-args = etas_hrg=0.1579749670553254 etas_min=0.018473421523720022 etas_slope=3.350273943651468 etas_curv=0.9727260833801707 zetas_max=0.054481734393537 zetas_width=0.030366962913796303 zetas_t0=0.18195974041405136
Tswitch = 0.15997712388960647
