trento-args = Pb Pb --cross-section 7.0 --normalization 24.03137501357813 --reduced-thickness 0.009000113425111771 --fluctuation 2.3422614908985953 --nucleon-min-dist 1.2464729705746838
nucleon-width = 0.751819550308046
tau-fs = 0.7427694284619668
hydro-args = etas_hrg=0.14664797572236044 etas_min=0.055081562725175205 etas_slope=2.547746280204504 etas_curv=-0.020312055526907846 zetas_max=0.07408764880886301 zetas_width=0.0939215429010335 zetas_t0=0.19484183860954365
Tswitch = 0.15762839930166958
