trento-args = Pb Pb --cross-section 7.0 --normalization 18.9798400762669 --reduced-thickness 0.009674426235971229 --fluctuation 2.5367282481339215 --nucleon-min-dist 1.217528674006588
nucleon-width = 1.2091824930908768
tau-fs = 0.24782534567480485
hydro-args = etas_hrg=0.14942042647589465 etas_min=0.061477965056803 etas_slope=1.129886082727464 etas_curv=-0.9042160238943068 zetas_max=0.0605124249891844 zetas_width=0.0704309712443501 zetas_t0=0.16094673789923544
Tswitch = 0.139781736086919
