trento-args = Pb Pb --cross-section 7.0 --normalization 18.94493501546827 --reduced-thickness 0.009507193319842965 --fluctuation 0.7943796383468924 --nucleon-min-dist 1.2053574735688461
nucleon-width = 1.177015228771697
tau-fs = 0.26545875444169575
hydro-args = etas_hrg=0.15529142881387845 etas_min=0.1465858082316816 etas_slope=2.956077636014672 etas_curv=0.19347562016984443 zetas_max=0.0009618633561301981 zetas_width=0.058240409070067105 zetas_t0=0.1678402208952466
Tswitch = 0.13648325834363234
