trento-args = Pb Pb --cross-section 7.0 --normalization 19.0123346865681 --reduced-thickness 0.004802439619783686 --fluctuation 0.8430145724195982 --nucleon-min-dist 1.3629281581515422
nucleon-width = 1.2315890777934995
tau-fs = 0.8535162847867522
hydro-args = etas_hrg=0.14087434696770273 etas_min=0.19000713203893982 etas_slope=1.410018879795448 etas_curv=0.607758296295722 zetas_max=0.058071795988595104 zetas_width=0.0829583323230036 zetas_t0=0.17003560079711025
Tswitch = 0.15629662373030093
