trento-args = Pb Pb --cross-section 7.0 --normalization 19.92958791207148 --reduced-thickness 0.006256113099167125 --fluctuation 1.0762972937837398 --nucleon-min-dist 1.416797954303296
nucleon-width = 0.7714660779559703
tau-fs = 1.275751216264497
hydro-args = etas_hrg=0.15731687184990384 etas_min=0.0420337787790224 etas_slope=3.626747893482448 etas_curv=-0.9755693499079912 zetas_max=0.0885458176713437 zetas_width=0.04462995797568001 zetas_t0=0.1570229066854343
Tswitch = 0.1483801678141812
