trento-args = Pb Pb --cross-section 7.0 --normalization 21.75214356666678 --reduced-thickness 0.008048469004102424 --fluctuation 1.5637646768927336 --nucleon-min-dist 1.5074716056384116
nucleon-width = 1.155690108747846
tau-fs = 1.183862163949362
hydro-args = etas_hrg=0.15658283626792488 etas_min=0.01471248075468466 etas_slope=1.892803092317656 etas_curv=-0.5684148655422961 zetas_max=0.0408185947549995 zetas_width=0.059184791992558196 zetas_t0=0.15980734065081925
Tswitch = 0.14906943592264318
