trento-args = Pb Pb --cross-section 7.0 --normalization 20.17826471889031 --reduced-thickness 0.009745799212739246 --fluctuation 1.0084651515749992 --nucleon-min-dist 1.238922114598334
nucleon-width = 0.7373831747757984
tau-fs = 1.3391814980941634
hydro-args = etas_hrg=0.16418176196870393 etas_min=0.062042437658365805 etas_slope=0.0525033870805056 etas_curv=-0.16265183608550604 zetas_max=0.0946273052521516 zetas_width=0.08505746267824431 zetas_t0=0.16104162525939755
Tswitch = 0.14359999453671277
