trento-args = Pb Pb --cross-section 7.0 --normalization 21.674546064708547 --reduced-thickness 0.005354377367938682 --fluctuation 2.242985459772737 --nucleon-min-dist 1.4627498455413739
nucleon-width = 1.140489454397914
tau-fs = 0.5928559706431812
hydro-args = etas_hrg=0.1597647837681882 etas_min=0.04832556353164841 etas_slope=3.167666917609052 etas_curv=-0.01548193612820592 zetas_max=0.0878421583157498 zetas_width=0.0811715604679193 zetas_t0=0.19550358223125805
Tswitch = 0.15757080864753573
