trento-args = Pb Pb --cross-section 7.0 --normalization 18.094145314962073 --reduced-thickness 0.006048553582114355 --fluctuation 2.5521551892751857 --nucleon-min-dist 1.2123818680681668
nucleon-width = 0.6803098063890614
tau-fs = 1.3910994603437228
hydro-args = etas_hrg=0.15666974964106456 etas_min=0.0359191263035872 etas_slope=2.203554561769588 etas_curv=0.34553252421552383 zetas_max=0.0252021946397144 zetas_width=0.08197143179150301 zetas_t0=0.19476858964206187
Tswitch = 0.14263185110833962
