trento-args = Pb Pb --cross-section 7.0 --normalization 22.870168841324094 --reduced-thickness 0.004834860699091108 --fluctuation 1.163181191375354 --nucleon-min-dist 1.3119460230259523
nucleon-width = 0.8488504002650842
tau-fs = 1.3362619316310294
hydro-args = etas_hrg=0.14506446728188546 etas_min=0.16493221352398402 etas_slope=3.863205763407052 etas_curv=-1.1792666163546963 zetas_max=0.09251453724936581 zetas_width=0.00231775167519227 zetas_t0=0.1794260979013052
Tswitch = 0.14442071242944338
