trento-args = Pb Pb --cross-section 7.0 --normalization 23.389081286524835 --reduced-thickness 0.008413685913885756 --fluctuation 1.2484956579595052 --nucleon-min-dist 1.4009021354810323
nucleon-width = 1.0284861139722188
tau-fs = 0.22688421519326027
hydro-args = etas_hrg=0.1392967888463242 etas_min=0.1946855254382826 etas_slope=1.486357121892272 etas_curv=-0.9529765198449145 zetas_max=0.06303388340128589 zetas_width=0.0927930640961975 zetas_t0=0.18475856552782935
Tswitch = 0.16351304766027724
