trento-args = Pb Pb --cross-section 7.0 --normalization 18.708057596243705 --reduced-thickness 0.004998632278656956 --fluctuation 2.0032255097106924 --nucleon-min-dist 1.2816849569259667
nucleon-width = 0.7803300159889099
tau-fs = 0.9795050403063329
hydro-args = etas_hrg=0.15560250593366104 etas_min=0.031676307910494604 etas_slope=0.1101766210384668 etas_curv=-1.2396448707397094 zetas_max=0.0767816281886306 zetas_width=0.0349187818255276 zetas_t0=0.1583621154436376
Tswitch = 0.1475017793902941
