trento-args = Pb Pb --cross-section 7.0 --normalization 17.40459581385088 --reduced-thickness 0.00901875879203863 --fluctuation 0.6923298988664075 --nucleon-min-dist 1.0749439139182866
nucleon-width = 1.2304625211931428
tau-fs = 0.9367605815801587
hydro-args = etas_hrg=0.1630562196282763 etas_min=0.0008255124166607861 etas_slope=2.755374395651744 etas_curv=0.29284310918580747 zetas_max=0.07199129206314679 zetas_width=0.00176291490122676 zetas_t0=0.17095189034868966
Tswitch = 0.1371297852044273
