trento-args = Pb Pb --cross-section 7.0 --normalization 23.77589286425299 --reduced-thickness 0.006221868110004069 --fluctuation 1.8709452209955768 --nucleon-min-dist 1.0484578709098904
nucleon-width = 0.8319186645898656
tau-fs = 0.5027207643685537
hydro-args = etas_hrg=0.13739248582980595 etas_min=0.1041787837503478 etas_slope=1.083518264127896 etas_curv=0.1337323482858952 zetas_max=0.0955929823478218 zetas_width=0.0873117785536684 zetas_t0=0.17908339558681474
Tswitch = 0.13608233867531644
