trento-args = Pb Pb --cross-section 7.0 --normalization 19.717255991062817 --reduced-thickness 0.008261776865014808 --fluctuation 1.2312368974884706 --nucleon-min-dist 1.455621772723794
nucleon-width = 0.7915937267022055
tau-fs = 0.94333013229569
hydro-args = etas_hrg=0.14020195165362676 etas_min=0.1702175353366882 etas_slope=0.3720496136900036 etas_curv=0.7332872808182616 zetas_max=0.06772655282211491 zetas_width=0.07727771717375141 zetas_t0=0.167273743753531
Tswitch = 0.13909243926529774
