trento-args = Pb Pb --cross-section 7.0 --normalization 23.97855656822284 --reduced-thickness 0.005959135997514801 --fluctuation 0.8234243485421848 --nucleon-min-dist 1.0918538117632057
nucleon-width = 1.138648271687078
tau-fs = 1.44247226815436
hydro-args = etas_hrg=0.16485710496421438 etas_min=0.1918407926571556 etas_slope=1.73812938527018 etas_curv=-0.6746890656355761 zetas_max=0.057890161331649904 zetas_width=0.056738554618833606 zetas_t0=0.1879064145317301
Tswitch = 0.15514848804689013
