trento-args = Pb Pb --cross-section 7.0 --normalization 19.30217491039788 --reduced-thickness 0.005502324621589852 --fluctuation 2.6333797745414445 --nucleon-min-dist 0.9700015602365897
nucleon-width = 1.109606806815982
tau-fs = 0.1804946015673366
hydro-args = etas_hrg=0.15683424286632333 etas_min=0.1985238320192322 etas_slope=1.598268285553904 etas_curv=-0.7865962384386923 zetas_max=0.057727401886461305 zetas_width=0.059524824490631005 zetas_t0=0.1789636862739222
Tswitch = 0.16107680365621113
