trento-args = Pb Pb --cross-section 7.0 --normalization 18.375080567819577 --reduced-thickness 0.007502185497798773 --fluctuation 1.0404019022010431 --nucleon-min-dist 0.933999659939608
nucleon-width = 0.8733573089097089
tau-fs = 1.4829520311347215
hydro-args = etas_hrg=0.14734627611782403 etas_min=0.048703696710616404 etas_slope=1.145025952171536 etas_curv=0.5625889863198619 zetas_max=0.0906041600755416 zetas_width=0.0307372503659688 zetas_t0=0.1710499730255455
Tswitch = 0.1398129995987518
