trento-args = Pb Pb --cross-section 7.0 --normalization 23.815816691279633 --reduced-thickness 0.0044431256827875965 --fluctuation 1.9099293754591526 --nucleon-min-dist 0.9916035416295594
nucleon-width = 1.0764779492543919
tau-fs = 0.3402646731900937
hydro-args = etas_hrg=0.13870000038371422 etas_min=0.059304715716932 etas_slope=0.2265490474663676 etas_curv=0.49022941387696206 zetas_max=0.0674290018702857 zetas_width=0.0520454407707788 zetas_t0=0.18205437299702315
Tswitch = 0.16390412528615445
