trento-args = Pb Pb --cross-section 7.0 --normalization 17.454164447274085 --reduced-thickness 0.006479861680847032 --fluctuation 1.3375648474334425 --nucleon-min-dist 1.387566772666434
nucleon-width = 1.2212230415336323
tau-fs = 1.47762846611097
hydro-args = etas_hrg=0.14796122445669024 etas_min=0.1716655726734548 etas_slope=3.818744822684676 etas_curv=0.3819941999847061 zetas_max=0.07302773282090201 zetas_width=0.027562430905876702 zetas_t0=0.19285628989215475
Tswitch = 0.1394118707357906
