trento-args = Pb Pb --cross-section 7.0 --normalization 21.19477662635881 --reduced-thickness 0.005954345529162139 --fluctuation 2.209644656264995 --nucleon-min-dist 1.4097007758855205
nucleon-width = 1.1458218577966786
tau-fs = 0.5889855744683784
hydro-args = etas_hrg=0.16291589496414643 etas_min=0.0041353239228949 etas_slope=1.16302765498124 etas_curv=0.0672590493776839 zetas_max=0.0048137154568918 zetas_width=0.0379762869183905 zetas_t0=0.18173022337253206
Tswitch = 0.1648742799121281
