trento-args = Pb Pb --cross-section 7.0 --normalization 19.43679665654954 --reduced-thickness 0.004714953321352601 --fluctuation 0.6792097332362397 --nucleon-min-dist 1.4638299639603736
nucleon-width = 1.1545930888294456
tau-fs = 0.6847780859832331
hydro-args = etas_hrg=0.14606029034261128 etas_min=0.025562404404860004 etas_slope=0.1328446280211212 etas_curv=0.755355328930355 zetas_max=0.08558493395741101 zetas_width=0.08001369369411841 zetas_t0=0.1523134737543296
Tswitch = 0.1523919770212099
