trento-args = Pb Pb --cross-section 7.0 --normalization 17.640586444309918 --reduced-thickness 0.006837330107064917 --fluctuation 0.7178904939242475 --nucleon-min-dist 1.4870126870712232
nucleon-width = 1.104904332779366
tau-fs = 1.1370291346692056
hydro-args = etas_hrg=0.1607386596793542 etas_min=0.0949107950465754 etas_slope=2.124426249856128 etas_curv=0.46986337313936133 zetas_max=0.0491104499818292 zetas_width=0.0102125236565247 zetas_t0=0.18891020081422755
Tswitch = 0.15849660900682214
