trento-args = Pb Pb --cross-section 7.0 --normalization 16.777654191146272 --reduced-thickness 0.009483358050158994 --fluctuation 0.7857875811426839 --nucleon-min-dist 1.384108951053037
nucleon-width = 0.9744886965209324
tau-fs = 0.7889765240134025
hydro-args = etas_hrg=0.13858628047452776 etas_min=0.1937509745798074 etas_slope=0.536875117056072 etas_curv=0.16402748883240736 zetas_max=0.022416597908409303 zetas_width=0.00993308280380443 zetas_t0=0.1686393983063521
Tswitch = 0.15216900134294295
