trento-args = Pb Pb --cross-section 7.0 --normalization 20.67491215987705 --reduced-thickness 0.009691470876023171 --fluctuation 2.4870898048321406 --nucleon-min-dist 1.3801018590113254
nucleon-width = 0.6842712968323116
tau-fs = 1.4565912700002364
hydro-args = etas_hrg=0.15515297922473867 etas_min=0.1566894383212552 etas_slope=0.00877278188243508 etas_curv=-1.091708193498198 zetas_max=0.0849584189294372 zetas_width=0.0459388450451661 zetas_t0=0.16518882371536456
Tswitch = 0.16476197578316557
