trento-args = Pb Pb --cross-section 7.0 --normalization 19.047598184972664 --reduced-thickness 0.009300354233466833 --fluctuation 1.8912053905282111 --nucleon-min-dist 1.3441187827873557
nucleon-width = 0.8385100335539021
tau-fs = 0.6609210332664668
hydro-args = etas_hrg=0.14620579817836638 etas_min=0.1637186724036932 etas_slope=3.543619052497668 etas_curv=0.8047679149776237 zetas_max=0.00980185777335428 zetas_width=0.0119557812528685 zetas_t0=0.18222799718531316
Tswitch = 0.14590017732352487
