trento-args = Pb Pb --cross-section 7.0 --normalization 18.621546502775164 --reduced-thickness 0.004542818316508829 --fluctuation 2.082363543342162 --nucleon-min-dist 1.3192595393611297
nucleon-width = 1.192491372970735
tau-fs = 0.9410787285026626
hydro-args = etas_hrg=0.15623221921247432 etas_min=0.049693358872085806 etas_slope=3.437665060995148 etas_curv=-1.2277391334197019 zetas_max=0.0115412035634741 zetas_width=0.0713497902574483 zetas_t0=0.18811806943435222
Tswitch = 0.15275711490187793
