trento-args = Pb Pb --cross-section 7.0 --normalization 17.8872225018505 --reduced-thickness 0.006187141538815199 --fluctuation 0.7079484830018875 --nucleon-min-dist 1.5135097059866263
nucleon-width = 1.1014975830255496
tau-fs = 0.34399058765787616
hydro-args = etas_hrg=0.14769284357666038 etas_min=0.14000827196519822 etas_slope=2.009730060670524 etas_curv=0.8495008234754666 zetas_max=0.0483833148768637 zetas_width=0.0833198019988835 zetas_t0=0.1996455742202699
Tswitch = 0.14051063671566547
