trento-args = Pb Pb --cross-section 7.0 --normalization 18.359524045453256 --reduced-thickness 0.009781962239705028 --fluctuation 0.7433841454700162 --nucleon-min-dist 1.2347368549540914
nucleon-width = 1.0211275658267216
tau-fs = 1.059812978727151
hydro-args = etas_hrg=0.16475153236059006 etas_min=0.132705081216339 etas_slope=3.712402488032356 etas_curv=-0.12929456284106644 zetas_max=0.022940317426482202 zetas_width=0.06700755905350671 zetas_t0=0.19599120642354245
Tswitch = 0.15539675199765712
