trento-args = Pb Pb --cross-section 7.0 --normalization 17.895868340608576 --reduced-thickness 0.004647287251004204 --fluctuation 2.913826059295283 --nucleon-min-dist 1.253307920480721
nucleon-width = 0.9784558509602126
tau-fs = 0.9229107018188999
hydro-args = etas_hrg=0.1421853117582528 etas_min=0.0991388395264744 etas_slope=0.91621484768018 etas_curv=0.4513840571762515 zetas_max=0.051966789194382704 zetas_width=0.0403229651392437 zetas_t0=0.1575899326094892
Tswitch = 0.14229419002267535
