trento-args = Pb Pb --cross-section 7.0 --normalization 23.432005584604333 --reduced-thickness 0.009620301015696301 --fluctuation 2.5051547926320197 --nucleon-min-dist 1.0263547203447363
nucleon-width = 0.9445316611047323
tau-fs = 0.2720651322787719
hydro-args = etas_hrg=0.14882344817236998 etas_min=0.1470125384315848 etas_slope=3.08457005547732 etas_curv=-1.2489772842902225 zetas_max=0.0591450378011446 zetas_width=0.025632861776044603 zetas_t0=0.168276324045239
Tswitch = 0.16492241538230795
