trento-args = Pb Pb --cross-section 7.0 --normalization 24.992300301066557 --reduced-thickness 0.004245320814498141 --fluctuation 1.7275547988026498 --nucleon-min-dist 1.4824924833081021
nucleon-width = 0.8976987284315583
tau-fs = 0.48621278948689806
hydro-args = etas_hrg=0.15987650276052767 etas_min=0.1761468166448176 etas_slope=3.995472412848844 etas_curv=-0.8366184680555493 zetas_max=0.058771792097762204 zetas_width=0.061698371070250904 zetas_t0=0.18001632634764536
Tswitch = 0.15064495237067344
