trento-args = Pb Pb --cross-section 7.0 --normalization 19.489399490782116 --reduced-thickness 0.008006069726804274 --fluctuation 0.6857573690594081 --nucleon-min-dist 0.9388149916105352
nucleon-width = 0.9077131283568838
tau-fs = 0.08639721038343387
hydro-args = etas_hrg=0.1588005520149786 etas_min=0.149874468796514 etas_slope=0.931028121711688 etas_curv=-1.2554142143988518 zetas_max=0.0240125804182142 zetas_width=0.0627279181876686 zetas_t0=0.16973080754410474
Tswitch = 0.14744424286554103
