trento-args = Pb Pb --cross-section 7.0 --normalization 22.560122403371654 --reduced-thickness 0.008333863917301596 --fluctuation 0.9074765037302298 --nucleon-min-dist 1.5169711842427818
nucleon-width = 1.0414494742222806
tau-fs = 1.4359385714622497
hydro-args = etas_hrg=0.14530613433052786 etas_min=0.12995466206045822 etas_slope=3.530140941126272 etas_curv=0.8608614541814654 zetas_max=0.024472269909968602 zetas_width=0.0427618688501418 zetas_t0=0.17226306422085036
Tswitch = 0.1449392379226629
