trento-args = Pb Pb --cross-section 7.0 --normalization 20.1607223002609 --reduced-thickness 0.0075051506024204195 --fluctuation 1.757267527525756 --nucleon-min-dist 1.1439658921045983
nucleon-width = 1.1677857355815902
tau-fs = 0.5997347483735853
hydro-args = etas_hrg=0.13985284196883907 etas_min=0.1846447119827382 etas_slope=0.3012496563438328 etas_curv=-0.9162222466467882 zetas_max=0.0661051412116736 zetas_width=0.0114653537950013 zetas_t0=0.15438912669336424
Tswitch = 0.140934082204476
