trento-args = Pb Pb --cross-section 7.0 --normalization 19.03470507780769 --reduced-thickness 0.009195903730509804 --fluctuation 0.8283901215131739 --nucleon-min-dist 1.3778166313358868
nucleon-width = 0.777476504096576
tau-fs = 0.3139109079391603
hydro-args = etas_hrg=0.14958573859560303 etas_min=0.18837573789162562 etas_slope=2.718148254157976 etas_curv=-1.1626095603833906 zetas_max=0.0642538093088195 zetas_width=0.0035856543251778904 zetas_t0=0.19670421965299176
Tswitch = 0.15852928819200954
