trento-args = Pb Pb --cross-section 7.0 --normalization 16.8828212434529 --reduced-thickness 0.0048065861315403115 --fluctuation 0.8555692755071775 --nucleon-min-dist 1.4534399157000872
nucleon-width = 0.932627463207198
tau-fs = 0.07464320340720934
hydro-args = etas_hrg=0.1609109069318371 etas_min=0.1857496672135778 etas_slope=1.273244887305424 etas_curv=-1.2209289312818088 zetas_max=0.0594729610880371 zetas_width=0.0197662038878538 zetas_t0=0.1874409545367351
Tswitch = 0.14703732901438607
