trento-args = Pb Pb --cross-section 7.0 --normalization 19.558074712338282 --reduced-thickness 0.004339411874134094 --fluctuation 0.6766096433314533 --nucleon-min-dist 0.9599202000308354
nucleon-width = 1.0750373260756694
tau-fs = 0.08150084358825808
hydro-args = etas_hrg=0.14328449317697436 etas_min=0.1981191062483936 etas_slope=2.464567275352776 etas_curv=0.27894351019668306 zetas_max=0.010302111388510102 zetas_width=0.006796092269755901 zetas_t0=0.1735156896732282
Tswitch = 0.1637512537695095
