trento-args = Pb Pb --cross-section 7.0 --normalization 24.75519437748222 --reduced-thickness 0.009398056637682764 --fluctuation 0.7647978044691132 --nucleon-min-dist 1.3517740402701406
nucleon-width = 0.7222766520851374
tau-fs = 0.11971413235295099
hydro-args = etas_hrg=0.1613841682335455 etas_min=0.10014816606203102 etas_slope=1.227611004812644 etas_curv=-0.3330290206480764 zetas_max=0.037794822024926504 zetas_width=0.0507653088010382 zetas_t0=0.16395896975917276
Tswitch = 0.14116406926897354
