trento-args = Pb Pb --cross-section 7.0 --normalization 22.787712381212742 --reduced-thickness 0.0080335159883216 --fluctuation 2.5138117148401453 --nucleon-min-dist 1.4960345408326816
nucleon-width = 0.8958769761881888
tau-fs = 0.6070764965179469
hydro-args = etas_hrg=0.1536959460940445 etas_min=0.0749303502110764 etas_slope=1.817420490322636 etas_curv=-1.0039713630224578 zetas_max=0.044917194606876 zetas_width=0.00191081719920039 zetas_t0=0.16620265679345464
Tswitch = 0.1358596684356546
