trento-args = Pb Pb --cross-section 7.0 --normalization 22.97843464487127 --reduced-thickness 0.004299639124819636 --fluctuation 0.6712186819166687 --nucleon-min-dist 1.4363170061276436
nucleon-width = 1.1316117359456697
tau-fs = 0.6314271445174696
hydro-args = etas_hrg=0.13680717648147606 etas_min=0.155900573599618 etas_slope=2.994652455890552 etas_curv=-0.9555323021021662 zetas_max=0.0398250442803372 zetas_width=0.09692714526290071 zetas_t0=0.17482158494205216
Tswitch = 0.15320584887758365
