trento-args = Pb Pb --cross-section 7.0 --normalization 16.944910134811085 --reduced-thickness 0.008977421658780427 --fluctuation 1.783924796657174 --nucleon-min-dist 1.2912063089453065
nucleon-width = 0.8887936820836426
tau-fs = 1.3225826236592273
hydro-args = etas_hrg=0.13662058840916957 etas_min=0.08245369458375501 etas_slope=0.826232489170508 etas_curv=-0.740318722355786 zetas_max=0.09765749808619731 zetas_width=0.08061419248287571 zetas_t0=0.1707270920920186
Tswitch = 0.14496911217546557
