trento-args = Pb Pb --cross-section 7.0 --normalization 21.899007622794123 --reduced-thickness 0.005873445296761392 --fluctuation 3.153773358916407 --nucleon-min-dist 1.4507249647147054
nucleon-width = 0.7811883825351169
tau-fs = 0.11574141711039004
hydro-args = etas_hrg=0.13781558464680332 etas_min=0.092424198753573 etas_slope=1.900565552296116 etas_curv=-1.1913162138570565 zetas_max=0.0522857050892897 zetas_width=0.043393108167965 zetas_t0=0.1555183192256838
Tswitch = 0.15692165128736293
