trento-args = Pb Pb --cross-section 7.0 --normalization 18.340822614654865 --reduced-thickness 0.005920671470307557 --fluctuation 2.806010732336695 --nucleon-min-dist 1.2999090283261574
nucleon-width = 0.8326230647869768
tau-fs = 0.20894905162864294
hydro-args = etas_hrg=0.1460096319066966 etas_min=0.00928864125739784 etas_slope=3.910503562476488 etas_curv=0.7212398505739401 zetas_max=0.0610164514244534 zetas_width=0.0175157431256026 zetas_t0=0.19247015681460036
Tswitch = 0.15558873134486845
