trento-args = Pb Pb --cross-section 7.0 --normalization 24.04357719890589 --reduced-thickness 0.008732777533609792 --fluctuation 0.7503315125759195 --nucleon-min-dist 1.1150519344657641
nucleon-width = 0.866536220024124
tau-fs = 1.4137238944854449
hydro-args = etas_hrg=0.14672767871591727 etas_min=0.19703265497107061 etas_slope=0.75230913781002 etas_curv=0.03700512947193224 zetas_max=0.09966861921660601 zetas_width=0.039243355049798305 zetas_t0=0.1946073029726511
Tswitch = 0.15283564578993247
