trento-args = Pb Pb --cross-section 7.0 --normalization 17.742792685374503 --reduced-thickness 0.007374142277795452 --fluctuation 0.9708459969761696 --nucleon-min-dist 1.5211322063959467
nucleon-width = 0.9959530996250392
tau-fs = 0.45336684329604793
hydro-args = etas_hrg=0.15173377236735544 etas_min=0.0265399598642252 etas_slope=3.68199379887618 etas_curv=-1.1439515577026178 zetas_max=0.025548270000284503 zetas_width=0.0946127406149637 zetas_t0=0.1805251126374351
Tswitch = 0.13664521262784954
