trento-args = Pb Pb --cross-section 7.0 --normalization 17.264810379526633 --reduced-thickness 0.004357452914134785 --fluctuation 1.779357574657009 --nucleon-min-dist 0.9677138676815925
nucleon-width = 1.159527322399203
tau-fs = 0.3113202447115395
hydro-args = etas_hrg=0.15791471828673967 etas_min=0.0297413255464286 etas_slope=2.664784699467944 etas_curv=0.6781014225254758 zetas_max=0.0769422877545934 zetas_width=0.0213362514403649 zetas_t0=0.1670721523229033
Tswitch = 0.15948255906259642
