trento-args = Pb Pb --cross-section 7.0 --normalization 23.470681267437993 --reduced-thickness 0.006505009681956844 --fluctuation 1.8147693000707383 --nucleon-min-dist 0.9568791682195561
nucleon-width = 0.7402407763729866
tau-fs = 0.8698313232600827
hydro-args = etas_hrg=0.15662750095099212 etas_min=0.0985715422107838 etas_slope=0.530508387343956 etas_curv=-0.3000597302238932 zetas_max=0.0668098216698971 zetas_width=0.0060654162755701705 zetas_t0=0.18881002831270455
Tswitch = 0.15171554049110972
