trento-args = Pb Pb --cross-section 7.0 --normalization 18.463018595311524 --reduced-thickness 0.0044667252838235345 --fluctuation 0.8134281080861527 --nucleon-min-dist 1.127075488087641
nucleon-width = 0.9100817244597939
tau-fs = 1.2556786730628093
hydro-args = etas_hrg=0.15418021945518906 etas_min=0.018312157514411963 etas_slope=0.474375004727392 etas_curv=-0.1180828981592319 zetas_max=0.0755335163629614 zetas_width=0.042285944978334 zetas_t0=0.18031018447310201
Tswitch = 0.16426234275148252
