trento-args = Pb Pb --cross-section 7.0 --normalization 22.16087873646238 --reduced-thickness 0.004680590327710285 --fluctuation 0.8313311596608148 --nucleon-min-dist 1.4451885035800447
nucleon-width = 1.1576522719988203
tau-fs = 1.1539863910172832
hydro-args = etas_hrg=0.16315127464349383 etas_min=0.1224504558747634 etas_slope=2.810834482405336 etas_curv=0.9675358488642136 zetas_max=0.0593882757879328 zetas_width=0.00387880495092832 zetas_t0=0.15135550665678457
Tswitch = 0.14151152179333382
