trento-args = Pb Pb --cross-section 7.0 --normalization 24.6270416270055 --reduced-thickness 0.00588907571607679 --fluctuation 0.6181307248586265 --nucleon-min-dist 0.9264901804888157
nucleon-width = 1.0665491374949094
tau-fs = 1.067216289005145
hydro-args = etas_hrg=0.1456166537701618 etas_min=0.11000098808938641 etas_slope=2.415652737705036 etas_curv=0.6846161075873771 zetas_max=0.08340135465408681 zetas_width=0.08147258045906201 zetas_t0=0.1762577496082522
Tswitch = 0.1561764334229892
