trento-args = Pb Pb --cross-section 7.0 --normalization 23.35191016744843 --reduced-thickness 0.0045667663907475765 --fluctuation 2.2742150427917545 --nucleon-min-dist 1.1868375422404736
nucleon-width = 0.7746219840759354
tau-fs = 0.251935858289427
hydro-args = etas_hrg=0.13784061791263988 etas_min=0.18865669602146382 etas_slope=1.401559563528748 etas_curv=-0.16988041433831724 zetas_max=0.021709229553770304 zetas_width=0.07791563187665311 zetas_t0=0.19977732008583846
Tswitch = 0.15807709420928265
