trento-args = Pb Pb --cross-section 7.0 --normalization 18.18125676828939 --reduced-thickness 0.006680850292795151 --fluctuation 0.6554316588159875 --nucleon-min-dist 1.4848839345023341
nucleon-width = 1.1792180749508194
tau-fs = 1.298038906938736
hydro-args = etas_hrg=0.13753029010910076 etas_min=0.07604256901880721 etas_slope=3.448039011571556 etas_curv=-1.060601122378047 zetas_max=0.00011752259000204501 zetas_width=0.0180097455748357 zetas_t0=0.16921978347683325
Tswitch = 0.15969690498278943
