trento-args = Pb Pb --cross-section 7.0 --normalization 17.149451244084055 --reduced-thickness 0.008626931135733052 --fluctuation 2.027545752387025 --nucleon-min-dist 1.358711763484088
nucleon-width = 0.7906618207741316
tau-fs = 1.0578292786040855
hydro-args = etas_hrg=0.14656578574009704 etas_min=0.0177947915667668 etas_slope=2.614733351882548 etas_curv=0.8295714150798046 zetas_max=0.0726816732346546 zetas_width=0.08058685043663721 zetas_t0=0.17033222162674644
Tswitch = 0.16435397699662485
