trento-args = Pb Pb --cross-section 7.0 --normalization 19.40871193680595 --reduced-thickness 0.007751965181361139 --fluctuation 0.8997758898634967 --nucleon-min-dist 1.3908347165096264
nucleon-width = 0.7580931146605584
tau-fs = 0.5365900764732755
hydro-args = etas_hrg=0.15588431014662146 etas_min=0.023029743198771 etas_slope=0.415051177060232 etas_curv=-0.3257386058198287 zetas_max=0.026684880843898303 zetas_width=0.0640635104690213 zetas_t0=0.19269874507375062
Tswitch = 0.13802102033077276
