trento-args = Pb Pb --cross-section 7.0 --normalization 17.82546780133058 --reduced-thickness 0.0072946623875685054 --fluctuation 1.549634861978235 --nucleon-min-dist 1.038102865734152
nucleon-width = 0.9695471827832376
tau-fs = 0.06756255983180362
hydro-args = etas_hrg=0.13957521494138986 etas_min=0.1267918934802524 etas_slope=2.834308139521628 etas_curv=-1.0498344131872985 zetas_max=0.027952197510656 zetas_width=0.0157039401097223 zetas_t0=0.1769887744908454
Tswitch = 0.14923249790865462
