trento-args = Pb Pb --cross-section 7.0 --normalization 22.857497110597855 --reduced-thickness 0.004729710198770463 --fluctuation 2.2362510646483256 --nucleon-min-dist 1.2589199899108336
nucleon-width = 1.078506387508574
tau-fs = 1.3533896071235605
hydro-args = etas_hrg=0.16009715651088394 etas_min=0.0572469409098848 etas_slope=0.3621661212109028 etas_curv=0.8177349605195683 zetas_max=0.0716520065561868 zetas_width=0.0386946232434362 zetas_t0=0.19575798369573896
Tswitch = 0.1370670480043022
