trento-args = Pb Pb --cross-section 7.0 --normalization 22.963146005198237 --reduced-thickness 0.009370503797674179 --fluctuation 1.1821659100872774 --nucleon-min-dist 1.1099432185183815
nucleon-width = 0.8186615958936725
tau-fs = 0.7095040391076403
hydro-args = etas_hrg=0.1534495414437633 etas_min=0.1899019212058746 etas_slope=3.46573655112274 etas_curv=-0.2505063870675861 zetas_max=0.0629062046631705 zetas_width=0.0835457523509394 zetas_t0=0.19707920298066456
Tswitch = 0.14158768461086324
