trento-args = Pb Pb --cross-section 7.0 --normalization 22.12330889380462 --reduced-thickness 0.00932758988966271 --fluctuation 2.3340524889452547 --nucleon-min-dist 1.4500191826627713
nucleon-width = 0.935333880421783
tau-fs = 1.4094473002266183
hydro-args = etas_hrg=0.13534400479696693 etas_min=0.0972829085800796 etas_slope=1.498736140057444 etas_curv=-0.7923727854325443 zetas_max=0.0455066343151964 zetas_width=0.0190169661846478 zetas_t0=0.18212047692278865
Tswitch = 0.15945799435105643
