trento-args = Pb Pb --cross-section 7.0 --normalization 19.20299975714566 --reduced-thickness 0.007165218936619162 --fluctuation 0.6633643483502503 --nucleon-min-dist 1.2880468005190904
nucleon-width = 0.7428335443189117
tau-fs = 0.6866343583964983
hydro-args = etas_hrg=0.16154243974920363 etas_min=0.1821906654156744 etas_slope=3.251801205871628 etas_curv=0.7003076572609606 zetas_max=0.07808359867213291 zetas_width=0.033034243966592505 zetas_t0=0.15284995361713227
Tswitch = 0.16128623267611955
