trento-args = Pb Pb --cross-section 7.0 --normalization 23.858106366395436 --reduced-thickness 0.008790279978064822 --fluctuation 1.2898660597614726 --nucleon-min-dist 1.0290658161652242
nucleon-width = 1.1298118213424975
tau-fs = 0.4103152050413522
hydro-args = etas_hrg=0.15382340158900246 etas_min=0.00526837654262782 etas_slope=2.149176654675976 etas_curv=-0.293678202344851 zetas_max=0.0659841313004028 zetas_width=0.044849504297552606 zetas_t0=0.19899584022487982
Tswitch = 0.13830982160258107
