trento-args = Pb Pb --cross-section 7.0 --normalization 16.99386912530029 --reduced-thickness 0.005227858353016527 --fluctuation 1.2259965626591882 --nucleon-min-dist 1.1970162443988226
nucleon-width = 0.7425472102977383
tau-fs = 0.04749110254090279
hydro-args = etas_hrg=0.1548269593398599 etas_min=0.030047791232448003 etas_slope=3.762890001472084 etas_curv=-1.1572439063945321 zetas_max=0.08016507567553781 zetas_width=0.0509594491726719 zetas_t0=0.18900026771118866
Tswitch = 0.14376710104413795
