trento-args = Pb Pb --cross-section 7.0 --normalization 22.60663041429597 --reduced-thickness 0.0043987579974636435 --fluctuation 1.8369875893118026 --nucleon-min-dist 1.152106827851563
nucleon-width = 1.183094218990915
tau-fs = 1.3016005343184383
hydro-args = etas_hrg=0.13670506079119632 etas_min=0.0428752413742244 etas_slope=1.781778376881032 etas_curv=-0.8216352147129367 zetas_max=0.0957484362833202 zetas_width=0.05616807701853101 zetas_t0=0.19143801005587446
Tswitch = 0.16343965601291044
