trento-args = Pb Pb --cross-section 7.0 --normalization 16.748506318063654 --reduced-thickness 0.007000275009389592 --fluctuation 0.7716352088105657 --nucleon-min-dist 1.3071046508205186
nucleon-width = 0.767802605673767
tau-fs = 0.21259664201624287
hydro-args = etas_hrg=0.14835918493859937 etas_min=0.08396564641529701 etas_slope=0.1610685534141956 etas_curv=-0.9306115812973592 zetas_max=0.0790097559589427 zetas_width=0.009431818573083731 zetas_t0=0.159021571850311
Tswitch = 0.1389713253444247
