trento-args = Pb Pb --cross-section 7.0 --normalization 19.984618618929314 --reduced-thickness 0.0071545169496655455 --fluctuation 1.2203994508234748 --nucleon-min-dist 1.2259226717765608
nucleon-width = 0.9334828086477127
tau-fs = 0.42534923742349307
hydro-args = etas_hrg=0.149015381505196 etas_min=0.15126202206779282 etas_slope=3.307093701522796 etas_curv=-1.1275771357499995 zetas_max=0.058865393598377704 zetas_width=0.0984014433599077 zetas_t0=0.15060267625264823
Tswitch = 0.13933670014268718
