trento-args = Pb Pb --cross-section 7.0 --normalization 22.051605516495492 --reduced-thickness 0.0050882515232849885 --fluctuation 2.2925931046548467 --nucleon-min-dist 1.4887506641824468
nucleon-width = 0.7155341722178183
tau-fs = 0.3375653105922978
hydro-args = etas_hrg=0.14358957152053714 etas_min=0.10520802129115901 etas_slope=2.70039222717844 etas_curv=0.9713960075772359 zetas_max=0.0202685648099519 zetas_width=0.0557868188060354 zetas_t0=0.1500396254690364
Tswitch = 0.14106411263877994
