trento-args = Pb Pb --cross-section 7.0 --normalization 24.977381377453213 --reduced-thickness 0.005478208436243233 --fluctuation 0.9875949235668102 --nucleon-min-dist 1.0222363335524074
nucleon-width = 0.7001189448779501
tau-fs = 1.12614456556478
hydro-args = etas_hrg=0.14276259479715955 etas_min=0.1033497666006908 etas_slope=2.473245413990692 etas_curv=-0.83355605617459 zetas_max=0.042429201757162804 zetas_width=0.0611021098743659 zetas_t0=0.163553989142878
Tswitch = 0.13719035922554323
