trento-args = Pb Pb --cross-section 7.0 --normalization 17.509894863896086 --reduced-thickness 0.007220322519852596 --fluctuation 1.61211414436637 --nucleon-min-dist 1.4919066711767488
nucleon-width = 0.6932558989184123
tau-fs = 0.17091051187007214
hydro-args = etas_hrg=0.15259926013026853 etas_min=0.19620862458711483 etas_slope=2.452035437608136 etas_curv=0.690351018246169 zetas_max=0.0526858940864448 zetas_width=0.06681196081088861 zetas_t0=0.1973625228957273
Tswitch = 0.1548610718445154
