trento-args = Pb Pb --cross-section 7.0 --normalization 19.944553834121937 --reduced-thickness 0.0054286182344317445 --fluctuation 0.6797037577117447 --nucleon-min-dist 1.2624776199064507
nucleon-width = 0.7110979106146995
tau-fs = 0.4047803064688208
hydro-args = etas_hrg=0.15062072449222674 etas_min=0.17593107562931262 etas_slope=3.725066208986564 etas_curv=-0.9927828264759853 zetas_max=0.0327786603038665 zetas_width=0.06888443864537401 zetas_t0=0.1839139781075064
Tswitch = 0.15938923455225304
