trento-args = Pb Pb --cross-section 7.0 --normalization 24.87045310650772 --reduced-thickness 0.008391021040547269 --fluctuation 0.8500360439025513 --nucleon-min-dist 1.1003207000844943
nucleon-width = 1.0339341522472196
tau-fs = 0.8143452377872362
hydro-args = etas_hrg=0.16066884052424693 etas_min=0.027762847066111804 etas_slope=2.897306943593548 etas_curv=0.7813385027981827 zetas_max=0.0249365745589603 zetas_width=0.08922670075609351 zetas_t0=0.1559342720370274
Tswitch = 0.14033581960652491
