trento-args = Pb Pb --cross-section 7.0 --normalization 17.286130647139405 --reduced-thickness 0.009163732908497379 --fluctuation 0.7155813059339717 --nucleon-min-dist 1.3872704342002433
nucleon-width = 0.7317109820777266
tau-fs = 1.0961766145851877
hydro-args = etas_hrg=0.1535777155325655 etas_min=0.0039010270697064603 etas_slope=1.9963395091556 etas_curv=0.8703908987799205 zetas_max=0.0233547982266173 zetas_width=0.0371886138773058 zetas_t0=0.15614760148182974
Tswitch = 0.1464713566390006
