trento-args = Pb Pb --cross-section 7.0 --normalization 23.19193255321277 --reduced-thickness 0.0091141788845703 --fluctuation 0.8903637697488844 --nucleon-min-dist 1.4328651086468174
nucleon-width = 1.01589573048915
tau-fs = 0.8474410851813666
hydro-args = etas_hrg=0.16342875564544926 etas_min=0.183189318220783 etas_slope=2.863725992139428 etas_curv=-0.99955298166643 zetas_max=0.015019701063213901 zetas_width=0.0101330445468426 zetas_t0=0.18650592835941351
Tswitch = 0.1462391564625828
