trento-args = Pb Pb --cross-section 7.0 --normalization 23.076612181357024 --reduced-thickness 0.00449562729633525 --fluctuation 0.7309769199107558 --nucleon-min-dist 1.4899748002883735
nucleon-width = 1.0836144118258062
tau-fs = 1.1947905681762931
hydro-args = etas_hrg=0.1415376312394906 etas_min=0.0755044761220924 etas_slope=1.511786160068588 etas_curv=0.8943199768808199 zetas_max=0.0810027425821405 zetas_width=0.0895795441164169 zetas_t0=0.1961511867639143
Tswitch = 0.16267039899906144
