trento-args = Pb Pb --cross-section 7.0 --normalization 19.000762664238117 --reduced-thickness 0.006959406546046959 --fluctuation 0.6212225415120699 --nucleon-min-dist 0.989940504128029
nucleon-width = 0.8255497775374259
tau-fs = 0.7250684495507418
hydro-args = etas_hrg=0.1589555720797833 etas_min=0.0222429759947584 etas_slope=3.011959432149304 etas_curv=0.33638730520047266 zetas_max=0.09308377948612911 zetas_width=0.0602362305383664 zetas_t0=0.19669278759919107
Tswitch = 0.13625506408680696
