trento-args = Pb Pb --cross-section 7.0 --normalization 24.231611696924517 --reduced-thickness 0.009094023244748634 --fluctuation 1.1543037348518619 --nucleon-min-dist 1.0477083901380062
nucleon-width = 0.8066396081931316
tau-fs = 0.8466783443561062
hydro-args = etas_hrg=0.1402825236341357 etas_min=0.1116466312292964 etas_slope=3.903062749143692 etas_curv=0.6351349907794956 zetas_max=0.041583005446940706 zetas_width=0.042515070477128 zetas_t0=0.15628160140835679
Tswitch = 0.16039338726604824
