trento-args = Pb Pb --cross-section 7.0 --normalization 16.628797448944713 --reduced-thickness 0.009235834574600681 --fluctuation 1.2435511610442336 --nucleon-min-dist 1.2476589981548314
nucleon-width = 1.0269866387401716
tau-fs = 0.03401711465359199
hydro-args = etas_hrg=0.15826964270486032 etas_min=0.13080870743887502 etas_slope=3.61002343482338 etas_curv=0.04828114378135662 zetas_max=0.0161159573584329 zetas_width=0.032127835310623 zetas_t0=0.158414271196397
Tswitch = 0.16170036392163017
