trento-args = Pb Pb --cross-section 7.0 --normalization 21.510106880692764 --reduced-thickness 0.007778511351427807 --fluctuation 2.9888809159390144 --nucleon-min-dist 1.1873538885058907
nucleon-width = 1.2177767590562758
tau-fs = 0.566409929497777
hydro-args = etas_hrg=0.16246907270137223 etas_min=0.0210564315836876 etas_slope=0.44522494532168 etas_curv=0.32434725276972043 zetas_max=0.09653391997325231 zetas_width=0.00768495320286602 zetas_t0=0.1612817177325953
Tswitch = 0.146183466311018
