trento-args = Pb Pb --cross-section 7.0 --normalization 24.836122925998414 --reduced-thickness 0.005527636137462034 --fluctuation 0.6720566367041353 --nucleon-min-dist 1.143894557434826
nucleon-width = 0.999429408903175
tau-fs = 0.2584817469360733
hydro-args = etas_hrg=0.1477298741436191 etas_min=0.18321324995970362 etas_slope=1.961473531687632 etas_curv=0.9343213457973196 zetas_max=0.0892346947786864 zetas_width=0.00536255254796706 zetas_t0=0.18920209664211146
Tswitch = 0.13527588478149846
