trento-args = Pb Pb --cross-section 7.0 --normalization 18.205339235852648 --reduced-thickness 0.0052523386452030365 --fluctuation 0.8475537387689998 --nucleon-min-dist 1.4589258517482486
nucleon-width = 1.1900015229602658
tau-fs = 0.12479012742361514
hydro-args = etas_hrg=0.14585395667101722 etas_min=0.146143994089216 etas_slope=3.514477236384528 etas_curv=-0.39494271233105094 zetas_max=0.0404321712589357 zetas_width=0.016310898213554203 zetas_t0=0.16339496113874485
Tswitch = 0.13737652244488244
