trento-args = Pb Pb --cross-section 7.0 --normalization 20.59338169620681 --reduced-thickness 0.004314263999490067 --fluctuation 1.0199480528555627 --nucleon-min-dist 1.2595837916962727
nucleon-width = 0.769070994635423
tau-fs = 0.40838852293004224
hydro-args = etas_hrg=0.16283862527460327 etas_min=0.18899184772353622 etas_slope=0.0632037750612944 etas_curv=-0.6269131350438112 zetas_max=0.0784036679805722 zetas_width=0.09365304571585731 zetas_t0=0.1795134795808466
Tswitch = 0.16067361263704485
