trento-args = Pb Pb --cross-section 7.0 --normalization 24.459430132965426 --reduced-thickness 0.005058281303849446 --fluctuation 2.1832404182904215 --nucleon-min-dist 1.4765173573978656
nucleon-width = 1.210573073854651
tau-fs = 0.6382043416062693
hydro-args = etas_hrg=0.15335096950468607 etas_min=0.16793972415952022 etas_slope=2.228232221789656 etas_curv=-1.274166849036608 zetas_max=0.0507793090022635 zetas_width=0.009035514869308101 zetas_t0=0.1569360186607344
Tswitch = 0.16265788944741247
