trento-args = Pb Pb --cross-section 7.0 --normalization 16.863217338450884 --reduced-thickness 0.004633739950247481 --fluctuation 0.9778077359030842 --nucleon-min-dist 0.9957881393259594
nucleon-width = 1.1518450494820536
tau-fs = 0.0958555402644212
hydro-args = etas_hrg=0.13741831657870207 etas_min=0.04074951950348921 etas_slope=0.46305709587224 etas_curv=-0.7272716792433513 zetas_max=0.0546256852913648 zetas_width=0.028384444270376105 zetas_t0=0.18683470902342816
Tswitch = 0.1639996579289809
