trento-args = Pb Pb --cross-section 7.0 --normalization 18.51310518173308 --reduced-thickness 0.005034943646353113 --fluctuation 2.1599950953417015 --nucleon-min-dist 0.9483850306561702
nucleon-width = 1.1584564290921378
tau-fs = 0.878525533122215
hydro-args = etas_hrg=0.14050781582216734 etas_min=0.062533117101062 etas_slope=2.111545178661124 etas_curv=0.985268316958704 zetas_max=0.061278147140657505 zetas_width=0.09229271885575731 zetas_t0=0.19057934540268034
Tswitch = 0.13690190995456653
