trento-args = Pb Pb --cross-section 7.0 --normalization 19.579060669140222 --reduced-thickness 0.008373367406374958 --fluctuation 3.176165730483427 --nucleon-min-dist 1.1785709682534342
nucleon-width = 1.170575814847431
tau-fs = 1.495548960658754
hydro-args = etas_hrg=0.15421244313927368 etas_min=0.1355501131054014 etas_slope=3.21168541255966 etas_curv=-0.680258801618917 zetas_max=0.0525384015673771 zetas_width=0.020251560381474 zetas_t0=0.18251909398401622
Tswitch = 0.15769764524593952
