trento-args = Pb Pb --cross-section 7.0 --normalization 20.270631326001077 --reduced-thickness 0.004935037303679436 --fluctuation 0.6580266846659248 --nucleon-min-dist 1.4520064586360983
nucleon-width = 0.7754515858460614
tau-fs = 1.129713584237429
hydro-args = etas_hrg=0.14433649645934815 etas_min=0.13050247183814642 etas_slope=0.194370807627216 etas_curv=-1.1711915643732995 zetas_max=0.0197084261532873 zetas_width=0.00862521896399558 zetas_t0=0.16265796444360164
Tswitch = 0.1471915941913845
