trento-args = Pb Pb --cross-section 7.0 --normalization 20.662489543030937 --reduced-thickness 0.004659516343837604 --fluctuation 3.032653484725181 --nucleon-min-dist 1.1688865769946972
nucleon-width = 1.228971564819051
tau-fs = 1.2816376353628889
hydro-args = etas_hrg=0.1593860434194049 etas_min=0.1671650228342972 etas_slope=2.75094842893444 etas_curv=-0.7167558129229128 zetas_max=0.006122883926704531 zetas_width=0.0710965447206982 zetas_t0=0.1507574381053215
Tswitch = 0.15374035718633328
