trento-args = Pb Pb --cross-section 7.0 --normalization 24.732191714057617 --reduced-thickness 0.0063619676157366505 --fluctuation 1.6586991082826796 --nucleon-min-dist 1.1497398066895286
nucleon-width = 1.0928267852455982
tau-fs = 1.4338850477323781
hydro-args = etas_hrg=0.14141335917376915 etas_min=0.0669839627017268 etas_slope=3.746662472775204 etas_curv=-1.281522838513367 zetas_max=0.0423835002937354 zetas_width=0.0953469941530842 zetas_t0=0.1984943849646952
Tswitch = 0.14637443497700617
