trento-args = Pb Pb --cross-section 7.0 --normalization 19.850719136967996 --reduced-thickness 0.006701259361940248 --fluctuation 2.391413705267964 --nucleon-min-dist 1.407906603232081
nucleon-width = 0.7965233972741923
tau-fs = 0.6141702918026231
hydro-args = etas_hrg=0.14441614248115106 etas_min=0.1862489219453186 etas_slope=3.708835361853244 etas_curv=-0.4018923650545069 zetas_max=0.0914400861343369 zetas_width=0.010753242130344702 zetas_t0=0.19957288510617802
Tswitch = 0.13593473773566542
