trento-args = Pb Pb --cross-section 7.0 --normalization 19.426132794243244 --reduced-thickness 0.009285851128269733 --fluctuation 0.7564550802760199 --nucleon-min-dist 0.9784944746971347
nucleon-width = 1.090642510794916
tau-fs = 1.3757114881600951
hydro-args = etas_hrg=0.13823919588520656 etas_min=0.17519203662136562 etas_slope=0.90319170282036 etas_curv=-1.0176672130917677 zetas_max=0.0152745862656273 zetas_width=0.03599365279930641 zetas_t0=0.17495164837101476
Tswitch = 0.1611229448207561
