trento-args = Pb Pb --cross-section 7.0 --normalization 17.543042282680826 --reduced-thickness 0.006822517311644927 --fluctuation 0.6534035089778777 --nucleon-min-dist 1.1168579561457628
nucleon-width = 0.819898035242963
tau-fs = 0.6467306490406111
hydro-args = etas_hrg=0.13700915968949443 etas_min=0.020397426525969 etas_slope=0.3076132161263376 etas_curv=-0.8899160276828342 zetas_max=0.00510727116786875 zetas_width=0.0652548942218535 zetas_t0=0.1604698317461647
Tswitch = 0.15775006024955773
