trento-args = Pb Pb --cross-section 7.0 --normalization 20.693981320978526 --reduced-thickness 0.004384525907491892 --fluctuation 0.9593582196213093 --nucleon-min-dist 1.0980307823977902
nucleon-width = 0.8814330670673239
tau-fs = 0.37518591136171464
hydro-args = etas_hrg=0.15397314156303182 etas_min=0.1443061692168004 etas_slope=1.649747911253944 etas_curv=-0.44696143961381085 zetas_max=0.027715263508027402 zetas_width=0.0983706146269105 zetas_t0=0.19930353178216612
Tswitch = 0.13743094808427617
