trento-args = Pb Pb --cross-section 7.0 --normalization 19.78587817458826 --reduced-thickness 0.009242244871924444 --fluctuation 0.6208551216712133 --nucleon-min-dist 1.1046938302539413
nucleon-width = 1.089311798957468
tau-fs = 1.3261246878520534
hydro-args = etas_hrg=0.1485983468281338 etas_min=0.1776763968209736 etas_slope=3.759255089761688 etas_curv=0.7858267211116392 zetas_max=0.0881990644927137 zetas_width=0.0924320886536036 zetas_t0=0.1754695394388167
Tswitch = 0.1400978969940031
