trento-args = Pb Pb --cross-section 7.0 --normalization 24.78360538172934 --reduced-thickness 0.005318661754096673 --fluctuation 0.7202003764579826 --nucleon-min-dist 1.517943350939143
nucleon-width = 1.1270651253591732
tau-fs = 0.3992521283130912
hydro-args = etas_hrg=0.16207096092805268 etas_min=0.1509933236187324 etas_slope=0.1910758268907668 etas_curv=-0.4158893956697539 zetas_max=0.0739374276915099 zetas_width=0.024264628128008902 zetas_t0=0.17672642140300016
Tswitch = 0.13955032692816574
