trento-args = Pb Pb --cross-section 7.0 --normalization 18.162950733494558 --reduced-thickness 0.004330295620773732 --fluctuation 2.6578260199084776 --nucleon-min-dist 0.9031436911407935
nucleon-width = 0.8043153288961514
tau-fs = 0.12337286036746106
hydro-args = etas_hrg=0.13941439457566013 etas_min=0.12577784142373122 etas_slope=3.847817833410576 etas_curv=0.36282771643442135 zetas_max=0.0682652411824558 zetas_width=0.07703846533815381 zetas_t0=0.17010632200092074
Tswitch = 0.1467684268482635
