trento-args = Pb Pb --cross-section 7.0 --normalization 24.082452348798167 --reduced-thickness 0.0044849043087262655 --fluctuation 2.856839127927746 --nucleon-min-dist 1.1131159677089857
nucleon-width = 0.9901987164346785
tau-fs = 0.6048886485442058
hydro-args = etas_hrg=0.15542398259726353 etas_min=0.1633666549996472 etas_slope=2.196591922622172 etas_curv=0.5984545195183726 zetas_max=0.020466374167101502 zetas_width=0.0221092560415156 zetas_t0=0.1706284503079718
Tswitch = 0.16077523826940918
