trento-args = Pb Pb --cross-section 7.0 --normalization 20.831948446253413 --reduced-thickness 0.004212351925164833 --fluctuation 0.6837292199126307 --nucleon-min-dist 1.1200761436645004
nucleon-width = 0.7003822945101429
tau-fs = 1.2472983234546702
hydro-args = etas_hrg=0.13547174619072117 etas_min=0.00333360245581716 etas_slope=1.428540201123804 etas_curv=0.40024658993626927 zetas_max=0.0973706283423584 zetas_width=0.07823507630345411 zetas_t0=0.18012099440903406
Tswitch = 0.14174716369514356
