trento-args = Pb Pb --cross-section 7.0 --normalization 23.65231327019943 --reduced-thickness 0.007989410253544153 --fluctuation 0.6747976456227387 --nucleon-min-dist 1.2038702905033096
nucleon-width = 1.1996025660049847
tau-fs = 0.05504984908560754
hydro-args = etas_hrg=0.13624787824220025 etas_min=0.1807734387572854 etas_slope=1.45990768142976 etas_curv=-0.9866311497359543 zetas_max=0.0207681819671299 zetas_width=0.04346411250713281 zetas_t0=0.15370425892451312
Tswitch = 0.15785619115864857
