trento-args = Pb Pb --cross-section 7.0 --normalization 20.315570643544866 --reduced-thickness 0.009410383117933196 --fluctuation 0.6368076234777535 --nucleon-min-dist 1.2853025412943826
nucleon-width = 0.969853014001497
tau-fs = 0.2766519669675783
hydro-args = etas_hrg=0.1563426146392431 etas_min=0.1929087448540144 etas_slope=0.1737718171663584 etas_curv=0.9218125215234696 zetas_max=0.050202202024310805 zetas_width=0.039800022886740005 zetas_t0=0.182891384012904
Tswitch = 0.15478640291394666
