trento-args = Pb Pb --cross-section 7.0 --normalization 24.19005740970114 --reduced-thickness 0.006337319439656659 --fluctuation 2.556096475527272 --nucleon-min-dist 1.4787710862008185
nucleon-width = 0.921336986170931
tau-fs = 0.39505252940519286
hydro-args = etas_hrg=0.16330550848726183 etas_min=0.1143723783903756 etas_slope=0.948440135590732 etas_curv=-0.37924941206299634 zetas_max=0.00889227508911863 zetas_width=0.08829594513466581 zetas_t0=0.16130249139177616
Tswitch = 0.15057786167379933
