trento-args = Pb Pb --cross-section 7.0 --normalization 17.252416627563186 --reduced-thickness 0.004690932704383134 --fluctuation 0.8173539069664971 --nucleon-min-dist 1.2186734391292353
nucleon-width = 1.1653369784568728
tau-fs = 1.3710461774251463
hydro-args = etas_hrg=0.16020400944025723 etas_min=0.15946671037357302 etas_slope=1.009556887743996 etas_curv=0.6589813840433476 zetas_max=0.0032485843602567902 zetas_width=0.0229705142233521 zetas_t0=0.16458974614441396
Tswitch = 0.1539059097226616
