trento-args = Pb Pb --cross-section 7.0 --normalization 21.14834357491703 --reduced-thickness 0.005084346398838235 --fluctuation 1.714967430050228 --nucleon-min-dist 1.1216104579712598
nucleon-width = 0.7139331104436141
tau-fs = 0.6996112515824195
hydro-args = etas_hrg=0.1562833362687193 etas_min=0.1723464351023548 etas_slope=2.512410906253384 etas_curv=-0.8602816479177222 zetas_max=0.0793735964068212 zetas_width=0.0173831593213137 zetas_t0=0.15389119414293673
Tswitch = 0.1603149539399939
