trento-args = Pb Pb --cross-section 7.0 --normalization 20.112999994120422 --reduced-thickness 0.008560649362549558 --fluctuation 0.6969800442315074 --nucleon-min-dist 1.0178939974152934
nucleon-width = 0.7629231986723964
tau-fs = 1.1978064384357583
hydro-args = etas_hrg=0.14209732198317535 etas_min=0.17922308464301762 etas_slope=2.463811398930848 etas_curv=-0.9907204799255815 zetas_max=0.0838072027364746 zetas_width=0.0967167929815594 zetas_t0=0.16996052619263066
Tswitch = 0.15607511795212517
