trento-args = Pb Pb --cross-section 7.0 --normalization 24.168567160307003 --reduced-thickness 0.007450996805019678 --fluctuation 2.138430907069089 --nucleon-min-dist 1.337764637051073
nucleon-width = 0.6744788607321724
tau-fs = 0.8823732000907325
hydro-args = etas_hrg=0.1352057232236769 etas_min=0.1210372223051264 etas_slope=3.458187372040004 etas_curv=0.8801116636493715 zetas_max=0.0653617648928892 zetas_width=0.0117547140898649 zetas_t0=0.1958896653007949
Tswitch = 0.1615705827043019
