trento-args = Pb Pb --cross-section 7.0 --normalization 22.271223890511298 --reduced-thickness 0.004940336594394219 --fluctuation 2.109597358666856 --nucleon-min-dist 1.513264974871913
nucleon-width = 0.7498964831708637
tau-fs = 0.5193947374723898
hydro-args = etas_hrg=0.1501977286979556 etas_min=0.055805010592192394 etas_slope=0.78119088455476 etas_curv=0.7716328097876628 zetas_max=0.0809991089737508 zetas_width=0.0887619871854782 zetas_t0=0.19834735197043046
Tswitch = 0.14776070734875743
