trento-args = Pb Pb --cross-section 7.0 --normalization 21.704196567777995 --reduced-thickness 0.004225418307381496 --fluctuation 1.6888530775385162 --nucleon-min-dist 1.463916534430627
nucleon-width = 0.95803634859149
tau-fs = 1.2381035077377542
hydro-args = etas_hrg=0.14012034296425524 etas_min=0.1614402967622504 etas_slope=1.603301338272168 etas_curv=-0.7706166221318304 zetas_max=0.034297151420172305 zetas_width=0.0607048828215338 zetas_t0=0.1893426345789805
Tswitch = 0.1387216891231667
