trento-args = Pb Pb --cross-section 7.0 --normalization 20.413614806418007 --reduced-thickness 0.0067555036977559315 --fluctuation 1.2036982147475672 --nucleon-min-dist 1.4832491828629761
nucleon-width = 1.1216788605952224
tau-fs = 0.5260961156429352
hydro-args = etas_hrg=0.16481636125635357 etas_min=0.0167132236968726 etas_slope=3.642772916685788 etas_curv=0.2312688894825512 zetas_max=0.0264037847745698 zetas_width=0.0170298361638561 zetas_t0=0.18716595034287312
Tswitch = 0.14079205609846396
