trento-args = Pb Pb --cross-section 7.0 --normalization 24.66572037897238 --reduced-thickness 0.005986484391941133 --fluctuation 0.6612507781119281 --nucleon-min-dist 0.9116620052920942
nucleon-width = 0.6726910141195744
tau-fs = 0.14220452423351815
hydro-args = etas_hrg=0.1573746676940471 etas_min=0.0376925674134866 etas_slope=0.0430001119654624 etas_curv=-0.04809954525930893 zetas_max=0.055066367466980605 zetas_width=0.0918482530214358 zetas_t0=0.1855265706215054
Tswitch = 0.14538506331662646
