trento-args = Pb Pb --cross-section 7.0 --normalization 17.711151376843542 --reduced-thickness 0.009100054509010538 --fluctuation 1.6810190399948304 --nucleon-min-dist 1.1947106656194344
nucleon-width = 0.7026443499497347
tau-fs = 0.0999512356255296
hydro-args = etas_hrg=0.14119608602823225 etas_min=0.16901831994317482 etas_slope=1.36782746679336 etas_curv=0.24089733720975892 zetas_max=0.0570721458512358 zetas_width=0.0530651984238997 zetas_t0=0.15823854890891814
Tswitch = 0.1582157548909681
