trento-args = Pb Pb --cross-section 7.0 --normalization 24.37503461782034 --reduced-thickness 0.008125713623952495 --fluctuation 3.1924089125540247 --nucleon-min-dist 1.447952929850909
nucleon-width = 1.2010034721132055
tau-fs = 0.7140352533132076
hydro-args = etas_hrg=0.13806497233482543 etas_min=0.00723177329497412 etas_slope=1.804126547466964 etas_curv=0.4941471401744053 zetas_max=0.0847263936436269 zetas_width=0.026096526464819903 zetas_t0=0.15538612774997018
Tswitch = 0.1608529689416103
