trento-args = Pb Pb --cross-section 7.0 --normalization 23.53153259691196 --reduced-thickness 0.007056722304791213 --fluctuation 2.1204912623151992 --nucleon-min-dist 1.2703124997355413
nucleon-width = 1.029861663072281
tau-fs = 1.4885806563997501
hydro-args = etas_hrg=0.16058623864069116 etas_min=0.12295664000716061 etas_slope=1.5171682547573 etas_curv=0.8425167480387266 zetas_max=0.0845105539240409 zetas_width=0.0741577816649806 zetas_t0=0.15869047525993085
Tswitch = 0.16410405455256813
