trento-args = Pb Pb --cross-section 7.0 --normalization 19.176562490049104 --reduced-thickness 0.008290973684283342 --fluctuation 2.686494235655103 --nucleon-min-dist 1.1482851728139265
nucleon-width = 0.8468227992227358
tau-fs = 1.3069637167982526
hydro-args = etas_hrg=0.1594771426907368 etas_min=0.0337530965759418 etas_slope=1.039603372020648 etas_curv=0.1003356637610131 zetas_max=0.004532371545396751 zetas_width=0.09615964791737501 zetas_t0=0.15176204393531662
Tswitch = 0.14475398642997725
