trento-args = Pb Pb --cross-section 7.0 --normalization 21.43827012560009 --reduced-thickness 0.009436703943413123 --fluctuation 1.2006209733410809 --nucleon-min-dist 0.9226039192720592
nucleon-width = 1.0819760555512687
tau-fs = 0.7964145835974678
hydro-args = etas_hrg=0.14161569808250293 etas_min=0.1157637408879586 etas_slope=0.710437113374472 etas_curv=0.883998008806677 zetas_max=0.0356173543926328 zetas_width=0.004889052623463791 zetas_t0=0.19307710861298255
Tswitch = 0.14282470486144536
