trento-args = Pb Pb --cross-section 7.0 --normalization 23.60590362592214 --reduced-thickness 0.00640531591014005 --fluctuation 0.8214314044644498 --nucleon-min-dist 1.3815906322691232
nucleon-width = 0.7981036498075111
tau-fs = 0.36037478785238175
hydro-args = etas_hrg=0.13969513226379174 etas_min=0.1851603282885626 etas_slope=1.020482284005732 etas_curv=0.5827347114804657 zetas_max=0.0899877863578498 zetas_width=0.005584794987598431 zetas_t0=0.1516367536240723
Tswitch = 0.15882430649230722
