trento-args = Pb Pb --cross-section 7.0 --normalization 24.646236440643065 --reduced-thickness 0.009424484547655284 --fluctuation 0.8014536825849968 --nucleon-min-dist 1.4713580617072932
nucleon-width = 0.9587158430934277
tau-fs = 0.16226600936482197
hydro-args = etas_hrg=0.13653032562067732 etas_min=0.0842832042207942 etas_slope=2.924415602644904 etas_curv=0.0021457290159072606 zetas_max=0.07350171999810261 zetas_width=0.06316213431865911 zetas_t0=0.19373551410317885
Tswitch = 0.13758164114262444
