trento-args = Pb Pb --cross-section 7.0 --normalization 17.151804987779155 --reduced-thickness 0.007442768812570722 --fluctuation 1.2806800932752402 --nucleon-min-dist 1.1624793970618121
nucleon-width = 1.0122017224044764
tau-fs = 1.2465687213371413
hydro-args = etas_hrg=0.16377606176735368 etas_min=0.096859791055601 etas_slope=1.14177010074258 etas_curv=-1.1963638758898714 zetas_max=0.0891184522180818 zetas_width=0.0748321603230201 zetas_t0=0.19381066764898136
Tswitch = 0.15793601952260827
