trento-args = Pb Pb --cross-section 7.0 --normalization 23.143121396853566 --reduced-thickness 0.004624133356749266 --fluctuation 0.741138824014161 --nucleon-min-dist 1.1839959781186264
nucleon-width = 1.1693989955856772
tau-fs = 1.0152876996965894
hydro-args = etas_hrg=0.15927612807054073 etas_min=0.0271278854425996 etas_slope=1.54498774999194 etas_curv=0.9968589220557369 zetas_max=0.006873404891695831 zetas_width=0.0444692442146596 zetas_t0=0.19630168471995277
Tswitch = 0.15128226226178929
