trento-args = Pb Pb --cross-section 7.0 --normalization 17.62095606162776 --reduced-thickness 0.008067462248859552 --fluctuation 1.2639340653403546 --nucleon-min-dist 1.4955508839664335
nucleon-width = 0.6833947302981674
tau-fs = 1.3307320778117657
hydro-args = etas_hrg=0.16391241291176062 etas_min=0.1934415177219548 etas_slope=1.471466923983768 etas_curv=0.37565657048625956 zetas_max=0.0453544754528441 zetas_width=0.005133306872658431 zetas_t0=0.16369677878154903
Tswitch = 0.14297003389729188
