trento-args = Pb Pb --cross-section 7.0 --normalization 23.551501799851028 --reduced-thickness 0.008205000498645379 --fluctuation 0.7617071281665413 --nucleon-min-dist 1.2549353868679471
nucleon-width = 1.2403476120130557
tau-fs = 1.2939024571687026
hydro-args = etas_hrg=0.13607452918414492 etas_min=0.11544436872890221 etas_slope=2.895213287083432 etas_curv=0.07844186748512927 zetas_max=0.067157594100805 zetas_width=0.020527636243542702 zetas_t0=0.1994415437139105
Tswitch = 0.1625051584346127
