trento-args = Pb Pb --cross-section 7.0 --normalization 17.375732169416384 --reduced-thickness 0.004512401189564913 --fluctuation 2.288448328112727 --nucleon-min-dist 1.0869966789376058
nucleon-width = 0.8833535805841035
tau-fs = 0.2946000206239663
hydro-args = etas_hrg=0.16345543174588123 etas_min=0.00699777533030138 etas_slope=0.67691448794678 etas_curv=-0.07330015117148947 zetas_max=0.0144598679973278 zetas_width=0.0319445838883985 zetas_t0=0.1830321468458278
Tswitch = 0.1432350507023139
