trento-args = Pb Pb --cross-section 7.0 --normalization 20.418628382033315 --reduced-thickness 0.008652640929313376 --fluctuation 0.6588693336387401 --nucleon-min-dist 0.8941981154365456
nucleon-width = 1.2135952800935073
tau-fs = 0.6763369374678516
hydro-args = etas_hrg=0.14303537592833399 etas_min=0.00807117094779388 etas_slope=1.119836939014496 etas_curv=-0.3053497578011829 zetas_max=0.09634889393094931 zetas_width=0.0964305308720563 zetas_t0=0.15712394541490354
Tswitch = 0.14950930424940773
