trento-args = Pb Pb --cross-section 7.0 --normalization 19.136363219441883 --reduced-thickness 0.007801497774698213 --fluctuation 0.7091700292208344 --nucleon-min-dist 1.42739749107865
nucleon-width = 1.2334786552980976
tau-fs = 0.6668063362981332
hydro-args = etas_hrg=0.13905346893838608 etas_min=0.0383579548073002 etas_slope=2.86785104286298 etas_curv=0.36866489560743787 zetas_max=0.030971248303121004 zetas_width=0.0838249325333629 zetas_t0=0.1665948038035305
Tswitch = 0.1502268858676823
