trento-args = Pb Pb --cross-section 7.0 --normalization 18.11238687455229 --reduced-thickness 0.007283934724107759 --fluctuation 2.819559525634027 --nucleon-min-dist 1.465736887724017
nucleon-width = 0.6713674006766424
tau-fs = 0.8160492564755073
hydro-args = etas_hrg=0.16449965136485642 etas_min=0.0998718183539808 etas_slope=3.58885459800996 etas_curv=-0.9598967166848027 zetas_max=0.0313846542719286 zetas_width=0.0843992967666127 zetas_t0=0.17509129704893567
Tswitch = 0.15990997058229056
