trento-args = Pb Pb --cross-section 7.0 --normalization 16.57549039190204 --reduced-thickness 0.007603292329757287 --fluctuation 0.612730227114388 --nucleon-min-dist 1.0355937802654107
nucleon-width = 0.8494723981743397
tau-fs = 1.497587599673406
hydro-args = etas_hrg=0.1544681847689068 etas_min=0.12325729010067882 etas_slope=2.268998086115344 etas_curv=-0.7313352798305444 zetas_max=0.0663096268677153 zetas_width=0.0013090074069332302 zetas_t0=0.16302613555553835
Tswitch = 0.15026883137030528
