trento-args = Pb Pb --cross-section 7.0 --normalization 17.40993073575984 --reduced-thickness 0.0045186309274505825 --fluctuation 1.5781068468531023 --nucleon-min-dist 1.019809372405143
nucleon-width = 1.0889517148400953
tau-fs = 0.94930920945039
hydro-args = etas_hrg=0.1462749329269817 etas_min=0.1129531889097766 etas_slope=0.1549428913518788 etas_curv=-1.1097491603145375 zetas_max=0.0691548830692191 zetas_width=0.0166427890839521 zetas_t0=0.19695964718258477
Tswitch = 0.1375036543538142
