trento-args = Pb Pb --cross-section 7.0 --normalization 17.840922169187948 --reduced-thickness 0.008190120346817376 --fluctuation 2.616230315030396 --nucleon-min-dist 0.8968480022711619
nucleon-width = 1.2059099458473101
tau-fs = 0.17663952070158442
hydro-args = etas_hrg=0.16130632360977587 etas_min=0.015496419535484161 etas_slope=3.27029313021712 etas_curv=-0.4416887848297605 zetas_max=0.0247224233999383 zetas_width=0.0224266521714628 zetas_t0=0.1622396304315189
Tswitch = 0.14243936515769923
