trento-args = Pb Pb --cross-section 7.0 --normalization 16.86974644427602 --reduced-thickness 0.009523575277168305 --fluctuation 0.6341011692784307 --nucleon-min-dist 1.4571211748888364
nucleon-width = 1.0958752751883305
tau-fs = 0.9044129149895397
hydro-args = etas_hrg=0.13881198933098932 etas_min=0.1706589014027268 etas_slope=3.2054648010917 etas_curv=-1.0814751743081958 zetas_max=0.0505691567739472 zetas_width=0.06455460602408279 zetas_t0=0.19343835494113157
Tswitch = 0.14533559267462232
