trento-args = Pb Pb --cross-section 7.0 --normalization 24.555399493073608 --reduced-thickness 0.006310700872316954 --fluctuation 1.7473053134672376 --nucleon-min-dist 1.4719074204520708
nucleon-width = 1.1865964489920766
tau-fs = 0.43129236278585137
hydro-args = etas_hrg=0.14788286864137745 etas_min=0.1871875243981368 etas_slope=1.878866127191112 etas_curv=0.9533799181862268 zetas_max=0.064534056810569 zetas_width=0.0970096314289607 zetas_t0=0.1743604338167468
Tswitch = 0.1448714300702652
