trento-args = Pb Pb --cross-section 7.0 --normalization 19.806971202655685 --reduced-thickness 0.008814685425122079 --fluctuation 2.3961798758027144 --nucleon-min-dist 1.0668073894073655
nucleon-width = 0.9257396490882572
tau-fs = 0.5715031216485755
hydro-args = etas_hrg=0.16028311471408235 etas_min=0.13517000155458223 etas_slope=3.830665186302736 etas_curv=0.5715199474353332 zetas_max=0.09849367925468831 zetas_width=0.0731013002552558 zetas_t0=0.1650367329175584
Tswitch = 0.14911832289463375
