trento-args = Pb Pb --cross-section 7.0 --normalization 23.8363766184654 --reduced-thickness 0.009130112574172766 --fluctuation 1.0938121521354327 --nucleon-min-dist 1.0173594955180274
nucleon-width = 1.0181815545530863
tau-fs = 1.345391878342848
hydro-args = etas_hrg=0.16497660084402188 etas_min=0.0059087938956916405 etas_slope=2.61839248921536 etas_curv=-0.18618059770190243 zetas_max=0.0831876242433209 zetas_width=0.0146027253728826 zetas_t0=0.15041845660249237
Tswitch = 0.15076226933911444
