trento-args = Pb Pb --cross-section 7.0 --normalization 19.353541750310136 --reduced-thickness 0.008579510397823153 --fluctuation 2.7908935708442764 --nucleon-min-dist 1.3990504228509075
nucleon-width = 1.2073382124124317
tau-fs = 1.1750464848047724
hydro-args = etas_hrg=0.15911118299759924 etas_min=0.19482180119659762 etas_slope=1.253697036676108 etas_curv=0.93576128401081 zetas_max=0.0055443731685634705 zetas_width=0.0793785109755117 zetas_t0=0.15149592440607956
Tswitch = 0.1393070160088828
