trento-args = Pb Pb --cross-section 7.0 --normalization 20.715221713049356 --reduced-thickness 0.00495108291210942 --fluctuation 1.5954107054994529 --nucleon-min-dist 1.492909077605573
nucleon-width = 0.7168953115118184
tau-fs = 1.4077302441401596
hydro-args = etas_hrg=0.15574344650889282 etas_min=0.051246147614996795 etas_slope=2.4978659204375 etas_curv=0.9579134902296127 zetas_max=0.09939518206971701 zetas_width=0.00460304524428211 zetas_t0=0.15117807422927582
Tswitch = 0.13838345881167333
