trento-args = Pb Pb --cross-section 7.0 --normalization 16.978157975991646 --reduced-thickness 0.005188766795585307 --fluctuation 1.1771919391397494 --nucleon-min-dist 1.353966541736833
nucleon-width = 1.049326518712022
tau-fs = 1.0208180362990171
hydro-args = etas_hrg=0.16412526009349154 etas_min=0.050812286859936995 etas_slope=2.489778304716572 etas_curv=0.41022438158076135 zetas_max=0.0686738632770255 zetas_width=0.0996504543924704 zetas_t0=0.1671707177244127
Tswitch = 0.14692497985480818
