trento-args = Pb Pb --cross-section 7.0 --normalization 24.53289562408973 --reduced-thickness 0.007487203999066725 --fluctuation 2.3614524620030277 --nucleon-min-dist 1.4694222202126939
nucleon-width = 1.1243408450986676
tau-fs = 1.0247532145815765
hydro-args = etas_hrg=0.13860062153056732 etas_min=0.0977081116904504 etas_slope=0.1169626439083368 etas_curv=0.041882584031113 zetas_max=0.0753135280456394 zetas_width=0.0040414147392381005 zetas_t0=0.1936615343360463
Tswitch = 0.1382690765025839
