trento-args = Pb Pb --cross-section 7.0 --normalization 17.59168040144566 --reduced-thickness 0.00850735850542374 --fluctuation 0.8302836719170362 --nucleon-min-dist 1.2508899710770096
nucleon-width = 1.2374617799321557
tau-fs = 0.3223643100845166
hydro-args = etas_hrg=0.160338473597439 etas_min=0.028571625775098804 etas_slope=0.725510900055988 etas_curv=0.9278108686611042 zetas_max=0.0919029234588612 zetas_width=0.0691164091513958 zetas_t0=0.18361264362181534
Tswitch = 0.136969709944278
