trento-args = Pb Pb --cross-section 7.0 --normalization 23.690339537999833 --reduced-thickness 0.009049729864099625 --fluctuation 3.0149832741475078 --nucleon-min-dist 1.1335749685351453
nucleon-width = 1.0506299936655137
tau-fs = 0.9875522649115417
hydro-args = etas_hrg=0.1529616661959747 etas_min=0.0275116508446634 etas_slope=0.2478844313509764 etas_curv=-1.2697763107061852 zetas_max=0.0511719643215649 zetas_width=0.057166754011716704 zetas_t0=0.1761345658306964
Tswitch = 0.15314134908855895
