trento-args = Pb Pb --cross-section 7.0 --normalization 23.59358713140773 --reduced-thickness 0.006562493694886567 --fluctuation 1.8517550917050907 --nucleon-min-dist 1.3439383121540196
nucleon-width = 1.1310668491980556
tau-fs = 1.2072867961747014
hydro-args = etas_hrg=0.1474897862557182 etas_min=0.17875581417046482 etas_slope=3.294476463748144 etas_curv=-1.1893351580235643 zetas_max=0.08712803258104251 zetas_width=0.09426439304137602 zetas_t0=0.16435578421284444
Tswitch = 0.16242796247940045
