trento-args = Pb Pb --cross-section 7.0 --normalization 21.42448422953642 --reduced-thickness 0.008767154829325524 --fluctuation 3.230469157246111 --nucleon-min-dist 1.4911646216008518
nucleon-width = 0.8402569070920762
tau-fs = 1.0371307628441595
hydro-args = etas_hrg=0.14181367988405283 etas_min=0.1922766664978116 etas_slope=0.1383901302479208 etas_curv=0.6533802665032447 zetas_max=0.0035375757044181205 zetas_width=0.0240000108079053 zetas_t0=0.1674241915859282
Tswitch = 0.15496289568938781
