trento-args = Pb Pb --cross-section 7.0 --normalization 17.570747938996387 --reduced-thickness 0.009043532356794549 --fluctuation 0.6739693747211533 --nucleon-min-dist 1.487763471824334
nucleon-width = 1.2147507765548324
tau-fs = 0.5003202395029126
hydro-args = etas_hrg=0.14097588219256607 etas_min=0.035413383400254 etas_slope=1.17518955783546 etas_curv=-1.1841620298501103 zetas_max=0.0832285619641654 zetas_width=0.0029574440393131205 zetas_t0=0.19713036888316277
Tswitch = 0.1574609065657435
