trento-args = Pb Pb --cross-section 7.0 --normalization 21.010210144127463 --reduced-thickness 0.004281817154820636 --fluctuation 1.4061499382293583 --nucleon-min-dist 1.5022728185602217
nucleon-width = 1.0227604140513624
tau-fs = 1.4756855051059747
hydro-args = etas_hrg=0.1636288217148604 etas_min=0.1803686753979884 etas_slope=0.401011396823452 etas_curv=0.9446199824102697 zetas_max=0.0529427184473258 zetas_width=0.0930573843551334 zetas_t0=0.18865069098561071
Tswitch = 0.1540625720156869
