trento-args = Pb Pb --cross-section 7.0 --normalization 23.01084346281766 --reduced-thickness 0.009263904719882086 --fluctuation 1.3112261850187477 --nucleon-min-dist 1.4729724948881076
nucleon-width = 0.7792786808479335
tau-fs = 1.4707807816657794
hydro-args = etas_hrg=0.13537478310274892 etas_min=0.08080181929683321 etas_slope=2.743091429147868 etas_curv=-0.8510324318634344 zetas_max=0.08961568047269251 zetas_width=0.0332202382389922 zetas_t0=0.1560618821867043
Tswitch = 0.1358108554813033
