trento-args = Pb Pb --cross-section 7.0 --normalization 24.30604763473181 --reduced-thickness 0.00854854972100854 --fluctuation 2.72128478370091 --nucleon-min-dist 1.1997567888413392
nucleon-width = 1.222153740877774
tau-fs = 0.6030880937957812
hydro-args = etas_hrg=0.154422371273702 etas_min=0.08932345855208121 etas_slope=3.053054275676608 etas_curv=0.7134964202681557 zetas_max=0.0087735361517407 zetas_width=0.05656034421473741 zetas_t0=0.1974989394523669
Tswitch = 0.1600644990340434
