trento-args = Pb Pb --cross-section 7.0 --normalization 22.279031671763022 --reduced-thickness 0.0043028706717435266 --fluctuation 1.3413252750251607 --nucleon-min-dist 1.0734273392866336
nucleon-width = 1.07913423876794
tau-fs = 0.5786273134057781
hydro-args = etas_hrg=0.13584476048037877 etas_min=0.006077879658434541 etas_slope=2.356551305396484 etas_curv=0.06456393402586635 zetas_max=0.0222380287956912 zetas_width=0.00963468002197333 zetas_t0=0.16162695129741914
Tswitch = 0.15621481864922215
