trento-args = Pb Pb --cross-section 7.0 --normalization 20.745698195060193 --reduced-thickness 0.009637313213654235 --fluctuation 0.6116990096733839 --nucleon-min-dist 1.468903570896859
nucleon-width = 0.8334449746323114
tau-fs = 0.09086773918989574
hydro-args = etas_hrg=0.1377129601013381 etas_min=0.025154520680010402 etas_slope=0.3536724560391156 etas_curv=-0.5116963802548586 zetas_max=0.0626129106016364 zetas_width=0.0762565957634244 zetas_t0=0.15051988553886766
Tswitch = 0.15930141533427875
