trento-args = Pb Pb --cross-section 7.0 --normalization 16.834117312412133 --reduced-thickness 0.00556613593244441 --fluctuation 0.7365888084359035 --nucleon-min-dist 1.0080234974371611
nucleon-width = 1.1101140532822624
tau-fs = 1.444428249532794
hydro-args = etas_hrg=0.1359791120248195 etas_min=0.184007511369139 etas_slope=1.749593867518008 etas_curv=0.9453194432103078 zetas_max=0.07517054809685801 zetas_width=0.005666859549051151 zetas_t0=0.15454613886522128
Tswitch = 0.15049407744721044
