trento-args = Pb Pb --cross-section 7.0 --normalization 22.36913604213658 --reduced-thickness 0.008314115604001653 --fluctuation 0.7150534685836122 --nucleon-min-dist 0.934590090986435
nucleon-width = 1.1176554249079145
tau-fs = 0.06102093910031481
hydro-args = etas_hrg=0.15744828651661052 etas_min=0.00881429005060344 etas_slope=0.428039373623208 etas_curv=-0.8189943089499608 zetas_max=0.05619231366966851 zetas_width=0.0142806872022338 zetas_t0=0.1837189357551979
Tswitch = 0.16054685506213456
