trento-args = Pb Pb --cross-section 7.0 --normalization 21.781973789882855 --reduced-thickness 0.006725962049753217 --fluctuation 0.8567582606671087 --nucleon-min-dist 1.3745882589160114
nucleon-width = 0.7486983072733695
tau-fs = 0.16467947629046628
hydro-args = etas_hrg=0.1644223420464853 etas_min=0.1539325367255136 etas_slope=1.110994860807432 etas_curv=0.6681717756433416 zetas_max=0.09754736859533 zetas_width=0.089735951710958 zetas_t0=0.1522408151285723
Tswitch = 0.13571699776547963
