trento-args = Pb Pb --cross-section 7.0 --normalization 20.47120753276788 --reduced-thickness 0.005021272110357137 --fluctuation 1.8682451024596098 --nucleon-min-dist 0.9807946497970079
nucleon-width = 0.8525208762371179
tau-fs = 0.23886777301080997
hydro-args = etas_hrg=0.1617009542194102 etas_min=0.0775372450635768 etas_slope=3.405104336844756 etas_curv=0.24613659701617507 zetas_max=0.0019818324627820403 zetas_width=0.0980446133570746 zetas_t0=0.1655539118735818
Tswitch = 0.16362197802545037
