trento-args = Pb Pb --cross-section 7.0 --normalization 20.201835190315393 --reduced-thickness 0.00795056673748344 --fluctuation 0.6678727216897328 --nucleon-min-dist 0.918106545332335
nucleon-width = 0.6718622313290775
tau-fs = 1.3950296541000067
hydro-args = etas_hrg=0.1482129158188496 etas_min=0.18786634517414502 etas_slope=3.263587773442268 etas_curv=-0.2339825193837295 zetas_max=0.0116679839678109 zetas_width=0.023610907503357204 zetas_t0=0.19098122673740145
Tswitch = 0.16275234979948494
