trento-args = Pb Pb --cross-section 7.0 --normalization 24.680733928141272 --reduced-thickness 0.005938185862795261 --fluctuation 1.2722975428802479 --nucleon-min-dist 1.4412433059454761
nucleon-width = 1.1984152890181088
tau-fs = 1.4654872144817463
hydro-args = etas_hrg=0.1578500103713153 etas_min=0.0418275183608756 etas_slope=3.638262226462364 etas_curv=-1.2419682339320426 zetas_max=0.00101659306986257 zetas_width=0.019371085338946402 zetas_t0=0.1763189917027252
Tswitch = 0.1649764827128174
