trento-args = Pb Pb --cross-section 7.0 --normalization 24.80274086904591 --reduced-thickness 0.007037980778370427 --fluctuation 0.887529408611076 --nucleon-min-dist 1.389923000380968
nucleon-width = 1.1448584509286404
tau-fs = 0.06498127858183814
hydro-args = etas_hrg=0.14811102382563987 etas_min=0.1620875526988878 etas_slope=3.985186217457056 etas_curv=0.15369843452479692 zetas_max=0.048929174138559 zetas_width=3.60974753275514e-05 zetas_t0=0.16883314487037715
Tswitch = 0.15889052790391725
