trento-args = Pb Pb --cross-section 7.0 --normalization 20.374598092730086 --reduced-thickness 0.009350450939196717 --fluctuation 2.610146016739903 --nucleon-min-dist 0.9728229140045969
nucleon-width = 0.7350516345655579
tau-fs = 1.2177801329057152
hydro-args = etas_hrg=0.1373157098405063 etas_min=0.0455223988763056 etas_slope=3.667060098342596 etas_curv=-0.2446457249224665 zetas_max=0.0816422096898779 zetas_width=0.0250513736300636 zetas_t0=0.197266055898834
Tswitch = 0.13519342916659546
