trento-args = Pb Pb --cross-section 7.0 --normalization 24.814796868256664 --reduced-thickness 0.0055129386906538165 --fluctuation 1.3584630799961661 --nucleon-min-dist 0.9695544377373169
nucleon-width = 1.152648305922761
tau-fs = 0.45174009114787417
hydro-args = etas_hrg=0.14413096239012202 etas_min=0.152889275321085 etas_slope=1.304472985612228 etas_curv=0.8335482664221436 zetas_max=0.0323947315584868 zetas_width=0.011104530355008302 zetas_t0=0.1515801032827003
Tswitch = 0.13543125223555139
