trento-args = Pb Pb --cross-section 7.0 --normalization 19.456899520805386 --reduced-thickness 0.005688090522240845 --fluctuation 0.9512010954681107 --nucleon-min-dist 1.3510423373162512
nucleon-width = 0.7661341581728638
tau-fs = 0.1393442651402671
hydro-args = etas_hrg=0.15862238583111204 etas_min=0.007715929965861141 etas_slope=3.10374673367478 etas_curv=-1.2253856323433576 zetas_max=0.0158145170721691 zetas_width=0.0485395687280223 zetas_t0=0.1525215082575567
Tswitch = 0.15135007618871982
