trento-args = Pb Pb --cross-section 7.0 --normalization 17.31500787407133 --reduced-thickness 0.007629716088154165 --fluctuation 1.0542676629885324 --nucleon-min-dist 0.8913758145020447
nucleon-width = 0.7336922084431023
tau-fs = 0.652897893950302
hydro-args = etas_hrg=0.13829846648581792 etas_min=0.1389595855943858 etas_slope=3.32028753835708 etas_curv=0.910686994054773 zetas_max=0.007126095729460941 zetas_width=0.0861002821904607 zetas_t0=0.18854462583474815
Tswitch = 0.15081522319290785
