trento-args = Pb Pb --cross-section 7.0 --normalization 20.030847856087924 --reduced-thickness 0.0045543538007237015 --fluctuation 0.6901393042424466 --nucleon-min-dist 1.4561097678966737
nucleon-width = 1.1415320721654785
tau-fs = 1.3570114070139228
hydro-args = etas_hrg=0.14285158088620753 etas_min=0.19649281792640683 etas_slope=0.433169550143184 etas_curv=0.6233361616804254 zetas_max=0.060951245947228706 zetas_width=0.0144791411419399 zetas_t0=0.1952579845512053
Tswitch = 0.14755142074357255
