trento-args = Pb Pb --cross-section 7.0 --normalization 17.34769212728399 --reduced-thickness 0.0045840367104839535 --fluctuation 1.763959343845551 --nucleon-min-dist 1.5008729609856317
nucleon-width = 1.2239530537968082
tau-fs = 0.2217622949535766
hydro-args = etas_hrg=0.16360491010030268 etas_min=0.137030361571163 etas_slope=1.156885915651916 etas_curv=0.701362898460822 zetas_max=0.0877643711062614 zetas_width=0.0024382540918886702 zetas_t0=0.1657140669088578
Tswitch = 0.15959778687070125
