trento-args = Pb Pb --cross-section 7.0 --normalization 19.618926939761323 --reduced-thickness 0.009743937486847862 --fluctuation 1.0386741273319169 --nucleon-min-dist 1.424706903084853
nucleon-width = 1.1290536728148506
tau-fs = 0.39359765339716346
hydro-args = etas_hrg=0.16493017676746008 etas_min=0.091030366664473 etas_slope=1.369717737814412 etas_curv=0.5032215372568927 zetas_max=0.055244416840421 zetas_width=0.0989930797984824 zetas_t0=0.15447297104450408
Tswitch = 0.15985031851651615
