trento-args = Pb Pb --cross-section 7.0 --normalization 23.821176961036755 --reduced-thickness 0.004256274632448703 --fluctuation 0.8447269364756943 --nucleon-min-dist 1.5076814201739932
nucleon-width = 0.7329046701494044
tau-fs = 1.3173655147665175
hydro-args = etas_hrg=0.14973403364934493 etas_min=0.037499459588807 etas_slope=3.978141188923268 etas_curv=0.7177576999887825 zetas_max=0.021968716677092003 zetas_width=0.0768058129311539 zetas_t0=0.17514052623126192
Tswitch = 0.1481057726983214
