trento-args = Pb Pb --cross-section 7.0 --normalization 18.32034373662409 --reduced-thickness 0.00486238351169452 --fluctuation 1.9510433305026724 --nucleon-min-dist 1.1638799505817048
nucleon-width = 0.7244710668914545
tau-fs = 1.2776959680285727
hydro-args = etas_hrg=0.13502152969638817 etas_min=0.1288643427849748 etas_slope=2.989811303758992 etas_curv=-1.2594634979837576 zetas_max=0.00635661365347914 zetas_width=0.0440103091982659 zetas_t0=0.16987055718398186
Tswitch = 0.1583698959525442
