trento-args = Pb Pb --cross-section 7.0 --normalization 18.224045721257287 --reduced-thickness 0.004775995272156595 --fluctuation 1.0237860316481586 --nucleon-min-dist 1.5160245649339958
nucleon-width = 1.0527714817436116
tau-fs = 1.1684972191340983
hydro-args = etas_hrg=0.15613349870806095 etas_min=0.1999198674694636 etas_slope=2.256175390668212 etas_curv=-0.9805359147530986 zetas_max=0.0024006793837063004 zetas_width=0.0868246038130485 zetas_t0=0.16942646685622165
Tswitch = 0.16397768283078912
