trento-args = Pb Pb --cross-section 7.0 --normalization 17.52961988356349 --reduced-thickness 0.0054747708934966485 --fluctuation 0.8786772098498209 --nucleon-min-dist 1.429172809532298
nucleon-width = 0.72553265990845
tau-fs = 0.04141959218444768
hydro-args = etas_hrg=0.1472442321396852 etas_min=0.038830433832388406 etas_slope=3.929509301550688 etas_curv=0.6029204442949041 zetas_max=0.08418414958897051 zetas_width=0.0992248407318257 zetas_t0=0.1944270625279052
Tswitch = 0.15916798903816382
