trento-args = Pb Pb --cross-section 7.0 --normalization 20.079222745150428 --reduced-thickness 0.006797756347707287 --fluctuation 0.9046059728989173 --nucleon-min-dist 0.9006640294339364
nucleon-width = 1.1662599073606699
tau-fs = 0.2605353609420876
hydro-args = etas_hrg=0.13558130861762446 etas_min=0.0796567291236482 etas_slope=3.37037543747574 etas_curv=-0.5862512899461675 zetas_max=0.0986405827194918 zetas_width=0.0746040419139434 zetas_t0=0.1913206930338172
Tswitch = 0.13852458090732805
