trento-args = Pb Pb --cross-section 7.0 --normalization 17.03016676895901 --reduced-thickness 0.009604272282511744 --fluctuation 1.5170489926706257 --nucleon-min-dist 1.438380715896006
nucleon-width = 0.8108406554671065
tau-fs = 0.7720964095683251
hydro-args = etas_hrg=0.16167814330725466 etas_min=0.049578121483698404 etas_slope=3.887671049494296 etas_curv=0.5141873541088298 zetas_max=0.0680540832901373 zetas_width=0.07218231393145401 zetas_t0=0.1988421099869767
Tswitch = 0.13991092227787247
