trento-args = Pb Pb --cross-section 7.0 --normalization 18.59861313327695 --reduced-thickness 0.004784047550470384 --fluctuation 3.247679268452976 --nucleon-min-dist 1.4012023443834838
nucleon-width = 0.6955886937695467
tau-fs = 1.392706029373063
hydro-args = etas_hrg=0.1403792370419344 etas_min=0.10986111977268001 etas_slope=1.67328375483118 etas_curv=0.8214897252617865 zetas_max=0.009339236062718552 zetas_width=0.0075782522711902904 zetas_t0=0.19879423122354786
Tswitch = 0.1370077327832859
