trento-args = Pb Pb --cross-section 7.0 --normalization 24.916522179891913 --reduced-thickness 0.007958705129440503 --fluctuation 0.9934046732755359 --nucleon-min-dist 1.5195374263384729
nucleon-width = 0.759526591390475
tau-fs = 0.038049732401180085
hydro-args = etas_hrg=0.1370629893239122 etas_min=0.1660207162440754 etas_slope=3.854501614730804 etas_curv=-1.207478735631006 zetas_max=0.0156519891460892 zetas_width=0.015071266978653101 zetas_t0=0.1704656350234989
Tswitch = 0.13916571981749498
