trento-args = Pb Pb --cross-section 7.0 --normalization 24.42677841974417 --reduced-thickness 0.005419462799047679 --fluctuation 0.6314362653541643 --nucleon-min-dist 1.5003085741663098
nucleon-width = 0.6896053392101343
tau-fs = 1.2124405699880187
hydro-args = etas_hrg=0.1625659271110967 etas_min=0.18925521723385902 etas_slope=3.07952472686954 etas_curv=-0.3675499835956846 zetas_max=0.056460693388246 zetas_width=0.0222697489489336 zetas_t0=0.1624725497692125
Tswitch = 0.15185243907835802
