trento-args = Pb Pb --cross-section 7.0 --normalization 17.130381672446447 --reduced-thickness 0.004478842559967935 --fluctuation 1.4794970319606042 --nucleon-min-dist 1.4195640747853184
nucleon-width = 0.7076362207551573
tau-fs = 0.27900993971731497
hydro-args = etas_hrg=0.1389088080861373 etas_min=0.15893892536191262 etas_slope=1.824486021477728 etas_curv=-1.065080781327608 zetas_max=0.09883282303730961 zetas_width=0.06823845250648451 zetas_t0=0.17869609107859435
Tswitch = 0.14711886961078272
