trento-args = Pb Pb --cross-section 7.0 --normalization 16.660148749135764 --reduced-thickness 0.005722371924396232 --fluctuation 0.6498702239980587 --nucleon-min-dist 1.2447054230590031
nucleon-width = 0.942742863867966
tau-fs = 1.1922732112669803
hydro-args = etas_hrg=0.14937065670064187 etas_min=0.125456875826139 etas_slope=3.792555464137344 etas_curv=-0.28914290959597677 zetas_max=0.00142073656697758 zetas_width=0.018618182567460503 zetas_t0=0.19532177626900377
Tswitch = 0.1403676125920471
