trento-args = Pb Pb --cross-section 7.0 --normalization 17.073479727547642 --reduced-thickness 0.005454710309158639 --fluctuation 3.047863626913805 --nucleon-min-dist 1.2155448717297255
nucleon-width = 1.1488400604135385
tau-fs = 0.5290176225009934
hydro-args = etas_hrg=0.1350980362365581 etas_min=0.0505223886022344 etas_slope=3.922197637449948 etas_curv=-0.9323866625491539 zetas_max=0.0365945863645524 zetas_width=0.04167899282793511 zetas_t0=0.15184755544180514
Tswitch = 0.13506896463988816
