trento-args = Pb Pb --cross-section 7.0 --normalization 16.59956905858642 --reduced-thickness 0.007185096217320857 --fluctuation 1.2215665167998495 --nucleon-min-dist 1.4404988380906523
nucleon-width = 1.120695258997539
tau-fs = 0.06894433677017225
hydro-args = etas_hrg=0.13514854491715786 etas_min=0.1068428182142786 etas_slope=0.635126814493908 etas_curv=-0.501919918353018 zetas_max=0.043146299406327304 zetas_width=0.0957386516024824 zetas_t0=0.16294014168151189
Tswitch = 0.13505768912383823
