trento-args = Pb Pb --cross-section 7.0 --normalization 21.324378814576114 --reduced-thickness 0.005238692501338946 --fluctuation 1.7013039363738567 --nucleon-min-dist 1.5122730874912536
nucleon-width = 0.9435019573048384
tau-fs = 1.0384988442026593
hydro-args = etas_hrg=0.1357292089669034 etas_min=0.00240560231879354 etas_slope=0.3232771445605904 etas_curv=-0.9709162367640056 zetas_max=0.0288093068693764 zetas_width=0.09049869212969211 zetas_t0=0.17328922863001936
Tswitch = 0.15685986215308773
