trento-args = Pb Pb --cross-section 7.0 --normalization 24.2786539605042 --reduced-thickness 0.0050457727441228905 --fluctuation 2.9789522169559692 --nucleon-min-dist 0.9287508711969922
nucleon-width = 0.7294744936640197
tau-fs = 1.2017112359843214
hydro-args = etas_hrg=0.1510795269277459 etas_min=0.0598116072530858 etas_slope=1.953080070964992 etas_curv=-0.47801400745189737 zetas_max=0.09292227109451781 zetas_width=0.0859115362416953 zetas_t0=0.17934199224996844
Tswitch = 0.16325522786490618
