trento-args = Pb Pb --cross-section 7.0 --normalization 19.097215655874162 --reduced-thickness 0.007685244095409289 --fluctuation 1.9875552736292432 --nucleon-min-dist 1.467918623222263
nucleon-width = 0.7836810443309592
tau-fs = 0.4911303513039039
hydro-args = etas_hrg=0.15083569916565903 etas_min=0.0780881475496106 etas_slope=0.2600347891114652 etas_curv=-1.1163532064162194 zetas_max=0.00304862223295495 zetas_width=0.0216856171228457 zetas_t0=0.18418148892528846
Tswitch = 0.16465312126108447
