trento-args = Pb Pb --cross-section 7.0 --normalization 22.906457028587177 --reduced-thickness 0.00958417545074709 --fluctuation 0.919529402309311 --nucleon-min-dist 1.2650315139926886
nucleon-width = 1.012491954780627
tau-fs = 0.19625578840493196
hydro-args = etas_hrg=0.15585579161080534 etas_min=0.1193145812026226 etas_slope=2.280286397444084 etas_curv=-1.1430484936223366 zetas_max=0.0999177240939811 zetas_width=0.0108083004130051 zetas_t0=0.15563248393507675
Tswitch = 0.1418951030285843
