trento-args = Pb Pb --cross-section 7.0 --normalization 22.0665229248727 --reduced-thickness 0.009380941624271867 --fluctuation 1.2842813283751426 --nucleon-min-dist 1.004655212319964
nucleon-width = 0.6758283886505838
tau-fs = 0.933866643642643
hydro-args = etas_hrg=0.15874869129573463 etas_min=0.00491230538422242 etas_slope=2.931270157469436 etas_curv=-0.7380205918946308 zetas_max=0.014151957217697101 zetas_width=0.00682491449331865 zetas_t0=0.18986737938271836
Tswitch = 0.16310716746672058
