trento-args = Pb Pb --cross-section 7.0 --normalization 23.309583509665604 --reduced-thickness 0.009705597483344005 --fluctuation 0.6268800346803357 --nucleon-min-dist 1.131997681595005
nucleon-width = 0.8020839625239807
tau-fs = 1.1328708317011362
hydro-args = etas_hrg=0.14228427635149568 etas_min=0.015738266885001222 etas_slope=2.244080831559376 etas_curv=-0.9453797733986277 zetas_max=0.006740815021190789 zetas_width=0.073337872610474 zetas_t0=0.18956271105634515
Tswitch = 0.13883536037870217
