trento-args = Pb Pb --cross-section 7.0 --normalization 16.544343623241957 --reduced-thickness 0.008407824367642772 --fluctuation 1.6043782599401817 --nucleon-min-dist 1.2348208297155125
nucleon-width = 0.7384294181441888
tau-fs = 0.3522130158192569
hydro-args = etas_hrg=0.15841021615460515 etas_min=0.1954096779755316 etas_slope=2.577415327630936 etas_curv=-0.6588640459703293 zetas_max=0.00944500954058021 zetas_width=0.058983971296157706 zetas_t0=0.1823291975507047
Tswitch = 0.13859030752686785
