trento-args = Pb Pb --cross-section 7.0 --normalization 19.08025776563139 --reduced-thickness 0.009448168768342214 --fluctuation 0.6658051651506068 --nucleon-min-dist 1.1720428091067316
nucleon-width = 1.236460240565865
tau-fs = 0.11047719961948693
hydro-args = etas_hrg=0.14460461468492636 etas_min=0.13587169815851383 etas_slope=2.33205726342462 etas_curv=-0.3090286072057199 zetas_max=0.0005890348588582131 zetas_width=0.0126578723922372 zetas_t0=0.1979908446134301
Tswitch = 0.15601354768039194
