trento-args = Pb Pb --cross-section 7.0 --normalization 23.883729706865036 --reduced-thickness 0.006231269987681138 --fluctuation 1.6524805613410036 --nucleon-min-dist 1.4115894071970594
nucleon-width = 0.8772141671332069
tau-fs = 0.15237480684708343
hydro-args = etas_hrg=0.16225831557524856 etas_min=0.0233695530996658 etas_slope=2.17198940484412 etas_curv=0.7384436408112285 zetas_max=0.0913317309754901 zetas_width=0.0160160219823942 zetas_t0=0.16614404760245235
Tswitch = 0.1638098129332345
