trento-args = Pb Pb --cross-section 7.0 --normalization 21.820208782803288 --reduced-thickness 0.009798881984714049 --fluctuation 1.802703781547913 --nucleon-min-dist 1.4347371662589719
nucleon-width = 1.0280327615322498
tau-fs = 1.4166861602285175
hydro-args = etas_hrg=0.15643115267241375 etas_min=0.0344126772470772 etas_slope=0.2556209220848976 etas_curv=0.5211174675317936 zetas_max=0.0779524819328915 zetas_width=0.0337601190393325 zetas_t0=0.19518929796435405
Tswitch = 0.16234641212740447
