trento-args = Pb Pb --cross-section 7.0 --normalization 24.900027724658315 --reduced-thickness 0.009662594727496804 --fluctuation 0.9476458357194819 --nucleon-min-dist 1.4191226564186243
nucleon-width = 1.2019514804850513
tau-fs = 1.469620677163023
hydro-args = etas_hrg=0.1628595683665015 etas_min=0.1725313186812214 etas_slope=3.119121746214108 etas_curv=0.3913125273957847 zetas_max=0.050090663111629 zetas_width=0.0987337726712227 zetas_t0=0.19129585438286886
Tswitch = 0.14984693244824188
