trento-args = Pb Pb --cross-section 7.0 --normalization 21.459214585042755 --reduced-thickness 0.0086153636112608 --fluctuation 3.0639881792235815 --nucleon-min-dist 1.4206875710637403
nucleon-width = 1.043403565523751
tau-fs = 0.7846237128387479
hydro-args = etas_hrg=0.1529245894701686 etas_min=0.1293746662561782 etas_slope=0.813870931385084 etas_curv=-0.5362905271904533 zetas_max=0.0960488379106391 zetas_width=0.09442667267150251 zetas_t0=0.1875465959847439
Tswitch = 0.13636866477748846
