trento-args = Pb Pb --cross-section 7.0 --normalization 21.238983482929765 --reduced-thickness 0.004881352941729874 --fluctuation 0.7123674590957911 --nucleon-min-dist 1.361867683086568
nucleon-width = 1.0713640762573504
tau-fs = 0.15826350616317703
hydro-args = etas_hrg=0.16469179254631977 etas_min=0.066207895604521 etas_slope=1.717900233842432 etas_curv=-0.6885792328863881 zetas_max=0.013192282781610302 zetas_width=0.0948025060378946 zetas_t0=0.1949931729713222
Tswitch = 0.16301733791399284
