trento-args = Pb Pb --cross-section 7.0 --normalization 19.074922034249234 --reduced-thickness 0.006595678930021821 --fluctuation 2.9507033784947194 --nucleon-min-dist 1.4863712338780555
nucleon-width = 0.7238588434036225
tau-fs = 1.3983117747027793
hydro-args = etas_hrg=0.1589222164403228 etas_min=0.1695912729953416 etas_slope=3.658747476303952 etas_curv=0.9907645440460178 zetas_max=0.0757555643918924 zetas_width=0.052997770681884104 zetas_t0=0.18832151250555182
Tswitch = 0.16336946561263876
