trento-args = Pb Pb --cross-section 7.0 --normalization 23.792125666808573 --reduced-thickness 0.008575888607845457 --fluctuation 0.6057124455191867 --nucleon-min-dist 1.3931425434586062
nucleon-width = 0.7941792334960796
tau-fs = 1.1073517019189203
hydro-args = etas_hrg=0.1575700479447702 etas_min=0.012845612064655882 etas_slope=0.0883729004375636 etas_curv=-0.24095326899452996 zetas_max=0.0994897981664632 zetas_width=0.020093131835758702 zetas_t0=0.15023479648744686
Tswitch = 0.16359063122157008
