trento-args = Pb Pb --cross-section 7.0 --normalization 24.965150641024167 --reduced-thickness 0.004697221677350253 --fluctuation 0.7386979089308321 --nucleon-min-dist 0.9645678407681603
nucleon-width = 1.0585605988123237
tau-fs = 0.5634488108439704
hydro-args = etas_hrg=0.1511886626730161 etas_min=0.001442718956805766 etas_slope=1.6902717537228 etas_curv=-0.7480212617238987 zetas_max=0.0865273398848716 zetas_width=0.00038660639803856603 zetas_t0=0.17113126991700844
Tswitch = 0.13771191212297884
