trento-args = Pb Pb --cross-section 7.0 --normalization 24.489131812409195 --reduced-thickness 0.005765742527984829 --fluctuation 2.456044454251469 --nucleon-min-dist 1.18178239092383
nucleon-width = 1.2035311214369862
tau-fs = 1.4271398427035618
hydro-args = etas_hrg=0.13749024580875413 etas_min=0.07043435850739481 etas_slope=3.811251559704544 etas_curv=0.3938162277587216 zetas_max=0.0806945923639461 zetas_width=0.0361168537491467 zetas_t0=0.17232506337820086
Tswitch = 0.14466666478426662
