trento-args = Pb Pb --cross-section 7.0 --normalization 23.90344299085485 --reduced-thickness 0.0049928238856926585 --fluctuation 0.7535464843029276 --nucleon-min-dist 1.236799269870191
nucleon-width = 0.812652925079123
tau-fs = 1.35105554631107
hydro-args = etas_hrg=0.14639209011556117 etas_min=0.175232088559959 etas_slope=0.668824454328044 etas_curv=0.7505259388208854 zetas_max=0.0174353706698399 zetas_width=0.09172643545274621 zetas_t0=0.15398953260427806
Tswitch = 0.14963995778363665
