trento-args = Pb Pb --cross-section 7.0 --normalization 23.874455562007803 --reduced-thickness 0.009759539497140424 --fluctuation 0.9428592342776154 --nucleon-min-dist 1.5109209589465415
nucleon-width = 0.7511568757417353
tau-fs = 1.2633507448458763
hydro-args = etas_hrg=0.1525280170679139 etas_min=0.174108422817383 etas_slope=0.3453900125455112 etas_curv=-0.043833585185651947 zetas_max=0.0112315897655673 zetas_width=0.0428860732085537 zetas_t0=0.19906147781524342
Tswitch = 0.13559634599487763
