trento-args = Pb Pb --cross-section 7.0 --normalization 16.94922218817485 --reduced-thickness 0.00933399849258959 --fluctuation 3.081753881129822 --nucleon-min-dist 1.5061639797306345
nucleon-width = 1.0608494374146833
tau-fs = 1.3842014761185832
hydro-args = etas_hrg=0.16122151879030747 etas_min=0.0922159981322474 etas_slope=3.362293635055424 etas_curv=-1.1243294802368153 zetas_max=0.0336836481015664 zetas_width=0.07907231659530661 zetas_t0=0.15100146056746597
Tswitch = 0.1386684972253209
