trento-args = Pb Pb --cross-section 7.0 --normalization 18.047844456977906 --reduced-thickness 0.009027405260742454 --fluctuation 3.10013489802482 --nucleon-min-dist 1.013502686331439
nucleon-width = 1.163246298301405
tau-fs = 0.04864446367277768
hydro-args = etas_hrg=0.13761880611182192 etas_min=0.0543594126309268 etas_slope=0.507631922027096 etas_curv=0.8755922709745818 zetas_max=0.029437714039208404 zetas_width=0.0194029601157643 zetas_t0=0.15742685417707544
Tswitch = 0.15925789138815366
