trento-args = Pb Pb --cross-section 7.0 --normalization 23.628747137271038 --reduced-thickness 0.008675434029963987 --fluctuation 2.64087632566187 --nucleon-min-dist 1.0374331272774462
nucleon-width = 0.9249976792324638
tau-fs = 1.3650154195041397
hydro-args = etas_hrg=0.1624960973553965 etas_min=0.1393260913733392 etas_slope=3.894091448541732 etas_curv=-1.2925978257249575 zetas_max=0.0190722125167493 zetas_width=0.00376228008163162 zetas_t0=0.15792619288167914
Tswitch = 0.14232459833835717
