trento-args = Pb Pb --cross-section 7.0 --normalization 24.763834502227994 --reduced-thickness 0.0086673893973995 --fluctuation 2.940694456702565 --nucleon-min-dist 1.430877732190965
nucleon-width = 0.918568325453509
tau-fs = 0.863672340089162
hydro-args = etas_hrg=0.15474240152053537 etas_min=0.0349166602472774 etas_slope=3.650057845985516 etas_curv=0.5927932233400635 zetas_max=0.008392369270138441 zetas_width=0.08806040057647041 zetas_t0=0.15033421207254286
Tswitch = 0.16057856825287456
