trento-args = Pb Pb --cross-section 7.0 --normalization 23.226596124248246 --reduced-thickness 0.004403903920591623 --fluctuation 0.655278823392161 --nucleon-min-dist 1.477031593899971
nucleon-width = 0.687533583639941
tau-fs = 0.08516262072360148
hydro-args = etas_hrg=0.13524131021550392 etas_min=0.01009356245845556 etas_slope=3.13261894972436 etas_curv=0.022337774411822497 zetas_max=0.0432136524336413 zetas_width=0.0159716135070659 zetas_t0=0.1977779650393408
Tswitch = 0.15725697543161923
