trento-args = Pb Pb --cross-section 7.0 --normalization 17.225723149138133 --reduced-thickness 0.005676054045381395 --fluctuation 2.8907064789508956 --nucleon-min-dist 0.9128804008052473
nucleon-width = 1.2262349437061766
tau-fs = 0.28599696211519665
hydro-args = etas_hrg=0.1567734815356415 etas_min=0.1825333330301568 etas_slope=2.006734243944288 etas_curv=0.33867519235610954 zetas_max=0.0948175444769207 zetas_width=0.013162521875742801 zetas_t0=0.1649440635005012
Tswitch = 0.13798395497133026
