trento-args = Pb Pb --cross-section 7.0 --normalization 22.830777658817794 --reduced-thickness 0.004908103818884493 --fluctuation 0.633344363608638 --nucleon-min-dist 1.0619184723140511
nucleon-width = 1.1020842287755848
tau-fs = 1.0621977514552832
hydro-args = etas_hrg=0.15007555897446817 etas_min=0.0247777409278788 etas_slope=2.816743810703976 etas_curv=-1.1524840818575584 zetas_max=0.035877455807849803 zetas_width=0.0963952791494783 zetas_t0=0.1572513182912022
Tswitch = 0.15574358039574232
