trento-args = Pb Pb --cross-section 7.0 --normalization 22.306380253136723 --reduced-thickness 0.009551465072418 --fluctuation 2.8442112852103536 --nucleon-min-dist 0.9866144844503103
nucleon-width = 0.7017257963478055
tau-fs = 1.0322836337976997
hydro-args = etas_hrg=0.13631614944837056 etas_min=0.16281105978358543 etas_slope=0.574493327492848 etas_curv=-1.2126028641810176 zetas_max=0.03883211201350201 zetas_width=0.073716264603287 zetas_t0=0.1860181219223188
Tswitch = 0.14143284642704299
