trento-args = Pb Pb --cross-section 7.0 --normalization 17.196378948591015 --reduced-thickness 0.009488818218241633 --fluctuation 0.6987004669162691 --nucleon-min-dist 0.9237636924561948
nucleon-width = 0.9290548977375075
tau-fs = 1.4543418974320543
hydro-args = etas_hrg=0.15770095365865625 etas_min=0.15978880793331202 etas_slope=0.697637888938188 etas_curv=-0.02715933863497466 zetas_max=0.043621590445656305 zetas_width=0.05775951503771361 zetas_t0=0.19767767125274985
Tswitch = 0.1382062456496805
