trento-args = Pb Pb --cross-section 7.0 --normalization 16.898806543906556 --reduced-thickness 0.005128563084969671 --fluctuation 0.7050365315950582 --nucleon-min-dist 1.4099983509920901
nucleon-width = 0.7480651419834132
tau-fs = 0.6100725784122008
hydro-args = etas_hrg=0.1645322048270423 etas_min=0.015082484499271959 etas_slope=0.2090091821048408 etas_curv=0.6428609524827922 zetas_max=0.0728261460593902 zetas_width=0.009260040232678872 zetas_t0=0.1760859682249371
Tswitch = 0.14549018780618908
