trento-args = Pb Pb --cross-section 7.0 --normalization 23.48006400265271 --reduced-thickness 0.008741263588128613 --fluctuation 0.6164206653314213 --nucleon-min-dist 1.280046847985235
nucleon-width = 0.7361025850911171
tau-fs = 0.1849658628658291
hydro-args = etas_hrg=0.15802964079848025 etas_min=0.01690761870769784 etas_slope=3.381460202263668 etas_curv=0.9217003836764033 zetas_max=0.0017049081266392 zetas_width=0.038121596965706 zetas_t0=0.19806989115839826
Tswitch = 0.14040484606110493
