trento-args = Pb Pb --cross-section 7.0 --normalization 22.57520558543148 --reduced-thickness 0.004421119497536868 --fluctuation 3.2681209076033024 --nucleon-min-dist 1.4938337841994302
nucleon-width = 0.979769132969277
tau-fs = 0.9899455584105016
hydro-args = etas_hrg=0.1595994072667323 etas_min=0.19270338242333382 etas_slope=0.2945282110553236 etas_curv=0.23379378550667318 zetas_max=0.0101237746980973 zetas_width=0.012077867394313201 zetas_t0=0.1552765672488371
Tswitch = 0.1365160052188346
