trento-args = Pb Pb --cross-section 7.0 --normalization 24.178921548303023 --reduced-thickness 0.007640363698745893 --fluctuation 0.630707404757377 --nucleon-min-dist 1.5223736463296962
nucleon-width = 0.7639945086304494
tau-fs = 1.2053644168823312
hydro-args = etas_hrg=0.16460386042285247 etas_min=0.00200722295185552 etas_slope=1.37933493806608 etas_curv=-1.2528218993038869 zetas_max=0.0124384332692716 zetas_width=0.08169779293737371 zetas_t0=0.16067004265571014
Tswitch = 0.15281797263774555
