trento-args = Pb Pb --cross-section 7.0 --normalization 18.632059062648796 --reduced-thickness 0.009071342758994549 --fluctuation 0.7894678880910908 --nucleon-min-dist 0.9457666671574436
nucleon-width = 0.983653962979181
tau-fs = 0.46887988571387285
hydro-args = etas_hrg=0.1620383130344376 etas_min=0.0695714852845296 etas_slope=1.122145011533052 etas_curv=0.9910027461164634 zetas_max=0.007543612611293791 zetas_width=0.0870438548516016 zetas_t0=0.19251334748954982
Tswitch = 0.16462651104274673
