trento-args = Pb Pb --cross-section 7.0 --normalization 18.54193978707832 --reduced-thickness 0.0056418962479956435 --fluctuation 1.5388431050244045 --nucleon-min-dist 1.4969040032234888
nucleon-width = 1.0630919454625998
tau-fs = 1.4218792482498193
hydro-args = etas_hrg=0.13636321689295583 etas_min=0.1781973926103674 etas_slope=1.491207738447936 etas_curv=-1.0261758957278446 zetas_max=0.0760679726140574 zetas_width=0.023487523396546 zetas_t0=0.15483464345538522
Tswitch = 0.15436225975818002
