trento-args = Pb Pb --cross-section 7.0 --normalization 16.792901885768675 --reduced-thickness 0.008826478825232012 --fluctuation 0.7214992942578139 --nucleon-min-dist 0.9745714588840226
nucleon-width = 0.764868035367278
tau-fs = 0.030442058467338794
hydro-args = etas_hrg=0.14091984695289286 etas_min=0.0644156246547588 etas_slope=0.994348909225316 etas_curv=-1.1149862799265424 zetas_max=0.0821381476945709 zetas_width=0.07673528729886751 zetas_t0=0.18808148028932045
Tswitch = 0.15880932402462233
