trento-args = Pb Pb --cross-section 7.0 --normalization 19.29820552876469 --reduced-thickness 0.008970348874156549 --fluctuation 0.6510612317926928 --nucleon-min-dist 1.5190108165650418
nucleon-width = 0.7046073961537183
tau-fs = 0.13456957219081464
hydro-args = etas_hrg=0.1428902973323269 etas_min=0.0862239706492052 etas_slope=3.546194313844668 etas_curv=-1.0951961463983173 zetas_max=0.06935391064616851 zetas_width=0.0030895155296661 zetas_t0=0.15406634290886576
Tswitch = 0.16319046435276513
