trento-args = Pb Pb --cross-section 7.0 --normalization 23.737657614794244 --reduced-thickness 0.005391407946250586 --fluctuation 1.7501972735578832 --nucleon-min-dist 1.3846463323926832
nucleon-width = 1.2110840681255306
tau-fs = 0.6192449980256575
hydro-args = etas_hrg=0.1383941099953931 etas_min=0.0218170368276536 etas_slope=1.924875069169328 etas_curv=0.5580614313771939 zetas_max=0.00274042589915916 zetas_width=0.0940379973288625 zetas_t0=0.18698075075789822
Tswitch = 0.13725016510812565
