trento-args = Pb Pb --cross-section 7.0 --normalization 16.744161491770043 --reduced-thickness 0.006694196417719126 --fluctuation 1.1898276610509135 --nucleon-min-dist 1.3393566128424064
nucleon-width = 0.7276225822910132
tau-fs = 1.2226629175175814
hydro-args = etas_hrg=0.13583649850123097 etas_min=0.043738717303238805 etas_slope=3.397748787840828 etas_curv=0.9126713425526403 zetas_max=0.0910662291479763 zetas_width=0.0824480192077346 zetas_t0=0.15329242039460222
Tswitch = 0.13863073123293
