trento-args = Pb Pb --cross-section 7.0 --normalization 17.215343056219876 --reduced-thickness 0.005352238652965052 --fluctuation 0.6473001611123324 --nucleon-min-dist 1.0776465120802945
nucleon-width = 1.197168301798197
tau-fs = 0.17243595304343382
hydro-args = etas_hrg=0.15428086376179478 etas_min=0.19731525995237761 etas_slope=0.546485664153472 etas_curv=-0.0018831230694902334 zetas_max=0.0275247953612357 zetas_width=0.0994327590144239 zetas_t0=0.1512705741088139
Tswitch = 0.1575023714426905
