trento-args = Pb Pb --cross-section 7.0 --normalization 23.425042646125007 --reduced-thickness 0.009139962606135008 --fluctuation 1.326239144474831 --nucleon-min-dist 1.4434432705399427
nucleon-width = 0.708757553178212
tau-fs = 1.3821432982922013
hydro-args = etas_hrg=0.1379971655276511 etas_min=0.1977481665312312 etas_slope=3.916964978573844 etas_curv=-1.234148465258861 zetas_max=0.00792134954482317 zetas_width=0.0724990060073324 zetas_t0=0.1567298889097059
Tswitch = 0.15093120773212518
