trento-args = Pb Pb --cross-section 7.0 --normalization 18.695293611634693 --reduced-thickness 0.006261355888497455 --fluctuation 1.4119570747388406 --nucleon-min-dist 1.523573869450999
nucleon-width = 1.2292469536462112
tau-fs = 0.177260648757331
hydro-args = etas_hrg=0.13566949584030547 etas_min=0.0293393649880774 etas_slope=0.2826500982437284 etas_curv=0.9023353302234793 zetas_max=0.040034508600039403 zetas_width=0.0044714993496891104 zetas_t0=0.18326875485903585
Tswitch = 0.1439338769644406
