trento-args = Pb Pb --cross-section 7.0 --normalization 20.639747069628026 --reduced-thickness 0.005165983027888833 --fluctuation 0.6623032129707735 --nucleon-min-dist 1.5044899383705446
nucleon-width = 1.0758805512956933
tau-fs = 1.2906381724721991
hydro-args = etas_hrg=0.15496330630158542 etas_min=0.0531884970058688 etas_slope=2.661955524215476 etas_curv=-1.1315584630399478 zetas_max=0.0859096641624346 zetas_width=0.0632061638861895 zetas_t0=0.19333247907862536
Tswitch = 0.13888540802749808
