trento-args = Pb Pb --cross-section 7.0 --normalization 17.011779358065105 --reduced-thickness 0.00977037740493901 --fluctuation 1.0462292933673067 --nucleon-min-dist 1.079219655510509
nucleon-width = 1.1848754198286515
tau-fs = 1.3637783796892038
hydro-args = etas_hrg=0.16370133893504274 etas_min=0.1729437333639712 etas_slope=2.064850059924648 etas_curv=0.5723383309552454 zetas_max=0.06380515538980251 zetas_width=0.013283263899339402 zetas_t0=0.15773308217131998
Tswitch = 0.16421019238111564
