trento-args = Pb Pb --cross-section 7.0 --normalization 17.065563392102327 --reduced-thickness 0.0061085405762091255 --fluctuation 2.9080687445967 --nucleon-min-dist 1.4737927482471311
nucleon-width = 1.1619681673011297
tau-fs = 0.2471287091877032
hydro-args = etas_hrg=0.15991506473215297 etas_min=0.1904690342085436 etas_slope=0.483636230830104 etas_curv=-0.40336364968349203 zetas_max=0.036705736207217 zetas_width=0.097889309964329 zetas_t0=0.19981480592566075
Tswitch = 0.15500350128897933
