trento-args = Pb Pb --cross-section 7.0 --normalization 23.39707594803409 --reduced-thickness 0.008458624066856874 --fluctuation 1.9388229212182906 --nucleon-min-dist 0.9095831683532508
nucleon-width = 0.9716816582200711
tau-fs = 0.8932247864468855
hydro-args = etas_hrg=0.15835333847125993 etas_min=0.1839089345184154 etas_slope=0.3942561155967416 etas_curv=-0.5484641980949329 zetas_max=0.00128943905648775 zetas_width=0.07562237806716 zetas_t0=0.15478736464576795
Tswitch = 0.16183871467479038
