trento-args = Pb Pb --cross-section 7.0 --normalization 19.85883081915589 --reduced-thickness 0.008898798315577206 --fluctuation 0.6392151381867778 --nucleon-min-dist 1.313235363158073
nucleon-width = 0.730840373549045
tau-fs = 0.7035779224641014
hydro-args = etas_hrg=0.1444269719701214 etas_min=0.1317703287202864 etas_slope=3.283885244488716 etas_curv=0.8622964295815685 zetas_max=0.07882612964320002 zetas_width=0.0033101615487132197 zetas_t0=0.1771189362591598
Tswitch = 0.14138655145024417
