trento-args = Pb Pb --cross-section 7.0 --normalization 24.700211216927443 --reduced-thickness 0.008808611298032107 --fluctuation 0.95990648634678 --nucleon-min-dist 1.241967558888366
nucleon-width = 0.8508404553771397
tau-fs = 0.1487318331502844
hydro-args = etas_hrg=0.13611857820052656 etas_min=0.0635648289378732 etas_slope=0.490157912960276 etas_curv=0.8546706090021419 zetas_max=0.00652785629224964 zetas_width=0.007899032620713111 zetas_t0=0.19086222656331955
Tswitch = 0.16222287386824844
