trento-args = Pb Pb --cross-section 7.0 --normalization 22.899568018667544 --reduced-thickness 0.009462733607368917 --fluctuation 3.2906637948058624 --nucleon-min-dist 1.4544916132061807
nucleon-width = 1.0866965809710232
tau-fs = 0.058701574712237276
hydro-args = etas_hrg=0.14425736273596063 etas_min=0.12369727964689961 etas_slope=2.843170701403172 etas_curv=-0.6344286304844999 zetas_max=0.0047370178160257605 zetas_width=0.06655131402220581 zetas_t0=0.15461043417132458
Tswitch = 0.13679488112790977
