trento-args = Pb Pb --cross-section 7.0 --normalization 18.406381196642815 --reduced-thickness 0.00739333933280185 --fluctuation 0.8584312108265965 --nucleon-min-dist 1.4975183558286198
nucleon-width = 0.6983689949076385
tau-fs = 1.2172467518778234
hydro-args = etas_hrg=0.13548872086151037 etas_min=0.1094552994147874 etas_slope=0.64411483172886 etas_curv=0.3328917510471767 zetas_max=0.049947341080708405 zetas_width=0.08543491369746631 zetas_t0=0.19540922955120915
Tswitch = 0.160457227628259
