trento-args = Pb Pb --cross-section 7.0 --normalization 24.630113518899435 --reduced-thickness 0.007856582610796019 --fluctuation 1.066355964589103 --nucleon-min-dist 1.4749357944215493
nucleon-width = 1.2272494739787136
tau-fs = 0.15622535147870883
hydro-args = etas_hrg=0.14234590057165827 etas_min=0.0136035301557742 etas_slope=0.954282932786272 etas_curv=-1.1346800164134707 zetas_max=0.09444560327762741 zetas_width=0.0910643106177449 zetas_t0=0.1741324269550154
Tswitch = 0.16204453609701713
