trento-args = Pb Pb --cross-section 7.0 --normalization 24.9359983188697 --reduced-thickness 0.005307952551325782 --fluctuation 0.6103744048189732 --nucleon-min-dist 1.522247256139106
nucleon-width = 1.2064278134591992
tau-fs = 0.23269722329485734
hydro-args = etas_hrg=0.1640351311805472 etas_min=0.1644849733362906 etas_slope=3.873540985010564 etas_curv=-0.36564219896439387 zetas_max=0.0895944851496723 zetas_width=0.09201621942813511 zetas_t0=0.1620992365359096
Tswitch = 0.15875558125246783
