trento-args = Pb Pb --cross-section 7.0 --normalization 18.00833274852294 --reduced-thickness 0.00558072852720432 --fluctuation 2.0291442328324147 --nucleon-min-dist 1.2382343587974196
nucleon-width = 1.0201796334137159
tau-fs = 1.3476469556585928
hydro-args = etas_hrg=0.163968125268803 etas_min=0.026348768884595405 etas_slope=3.832589828599244 etas_curv=0.6492654130090967 zetas_max=0.00425817962419242 zetas_width=0.0021290886055212502 zetas_t0=0.16117208507568576
Tswitch = 0.15338025042611642
