trento-args = Pb Pb --cross-section 7.0 --normalization 20.43637439344504 --reduced-thickness 0.007657522581263632 --fluctuation 2.6700129168526434 --nucleon-min-dist 1.3718728982139157
nucleon-width = 1.0693181073951017
tau-fs = 0.5395085984522144
hydro-args = etas_hrg=0.16015044484529178 etas_min=0.0134767540762201 etas_slope=2.940176178872584 etas_curv=-1.1998245551983826 zetas_max=0.0970360345437191 zetas_width=0.007211839377461001 zetas_t0=0.19163183393804356
Tswitch = 0.15379042541150004
