trento-args = Pb Pb --cross-section 7.0 --normalization 18.55633518155436 --reduced-thickness 0.007715483046634866 --fluctuation 1.193837175601793 --nucleon-min-dist 1.053462514745084
nucleon-width = 1.1721081389360186
tau-fs = 1.4383821098000464
hydro-args = etas_hrg=0.13616293498266488 etas_min=0.019166245584655562 etas_slope=0.3192690708562732 etas_curv=0.4172305058454151 zetas_max=0.0072780746018979705 zetas_width=0.09324813043447211 zetas_t0=0.1563280434182612
Tswitch = 0.16227585510640405
