trento-args = Pb Pb --cross-section 7.0 --normalization 24.257585946846184 --reduced-thickness 0.006028214600398766 --fluctuation 2.838994227495074 --nucleon-min-dist 1.1089445862436256
nucleon-width = 0.6968733711296312
tau-fs = 0.6266789084762608
hydro-args = etas_hrg=0.15721361709976106 etas_min=0.14815932509116822 etas_slope=3.803064799182116 etas_curv=0.8084258475644981 zetas_max=0.0348554820920806 zetas_width=0.0492169320037123 zetas_t0=0.17918847311222924
Tswitch = 0.1361643044659775
