trento-args = Pb Pb --cross-section 7.0 --normalization 19.515455718422313 --reduced-thickness 0.007933263709609957 --fluctuation 2.7092005130285117 --nucleon-min-dist 1.498563818664959
nucleon-width = 1.0370447665978315
tau-fs = 0.2001479122193069
hydro-args = etas_hrg=0.13692342911474872 etas_min=0.1244322300071828 etas_slope=3.940344095610084 etas_curv=0.17434770959154777 zetas_max=0.08250931962281471 zetas_width=0.09359930731770581 zetas_t0=0.17084198862714695
Tswitch = 0.16443863854374738
