trento-args = Pb Pb --cross-section 7.0 --normalization 17.49300809527388 --reduced-thickness 0.009685868090834472 --fluctuation 1.626168604056827 --nucleon-min-dist 1.1768433616659177
nucleon-width = 1.2421576508748826
tau-fs = 0.19164567577845015
hydro-args = etas_hrg=0.13812209170657677 etas_min=0.1397579531079158 etas_slope=0.661976795168592 etas_curv=-0.6546838342927866 zetas_max=0.0853374850985128 zetas_width=0.00816343265534379 zetas_t0=0.19607177078421226
Tswitch = 0.13576023056339007
