trento-args = Pb Pb --cross-section 7.0 --normalization 20.623607079794002 --reduced-thickness 0.004449759618256241 --fluctuation 0.7390264077155402 --nucleon-min-dist 0.9305270431946963
nucleon-width = 1.0351041683215807
tau-fs = 0.5849029239325223
hydro-args = etas_hrg=0.16335853293097113 etas_min=0.1685958503875882 etas_slope=1.646754343708976 etas_curv=0.5368130356920875 zetas_max=0.0856805581113324 zetas_width=0.0284154286464211 zetas_t0=0.19857226058149247
Tswitch = 0.15523035445834044
