trento-args = Pb Pb --cross-section 7.0 --normalization 24.45480078225728 --reduced-thickness 0.007337491393522544 --fluctuation 1.4672002884503004 --nucleon-min-dist 0.8931820406813692
nucleon-width = 0.8278878046863372
tau-fs = 0.25565068871537244
hydro-args = etas_hrg=0.13656372121953406 etas_min=0.030743858242035002 etas_slope=2.54134818357788 etas_curv=-1.0196570143683352 zetas_max=0.0076736616837792095 zetas_width=0.0889230327560566 zetas_t0=0.18510383861691226
Tswitch = 0.16285492956982928
