trento-args = Pb Pb --cross-section 7.0 --normalization 17.333182056870175 --reduced-thickness 0.004200704050790518 --fluctuation 1.3220163178149382 --nucleon-min-dist 1.1032738189050162
nucleon-width = 0.6954069578617033
tau-fs = 0.210446392995561
hydro-args = etas_hrg=0.14001084415751977 etas_min=0.14137110857339583 etas_slope=0.464832659123464 etas_curv=-0.49137537867976433 zetas_max=0.00235786598576233 zetas_width=0.0326855430871714 zetas_t0=0.15341491502530408
Tswitch = 0.13949869621020278
