trento-args = Pb Pb --cross-section 7.0 --normalization 24.59744902979848 --reduced-thickness 0.0055971300855915986 --fluctuation 1.209941311746211 --nucleon-min-dist 1.33465768317247
nucleon-width = 0.8000641165109169
tau-fs = 1.4189093267062494
hydro-args = etas_hrg=0.14349648166848814 etas_min=0.01720461603710428 etas_slope=0.0003563897442072632 etas_curv=0.2647260004681071 zetas_max=0.0347157373721246 zetas_width=0.00421289792917669 zetas_t0=0.16322770419125446
Tswitch = 0.14441132830385583
