trento-args = Pb Pb --cross-section 7.0 --normalization 21.542864741936974 --reduced-thickness 0.00887936465860233 --fluctuation 0.6240496212857348 --nucleon-min-dist 1.5102242356731224
nucleon-width = 1.1268596292268502
tau-fs = 1.4016537988154596
hydro-args = etas_hrg=0.15191872769137382 etas_min=0.0687046622658148 etas_slope=0.065458464283496 etas_curv=0.5002150827788754 zetas_max=0.0927887622182258 zetas_width=0.0813544974042103 zetas_t0=0.1603251308467239
Tswitch = 0.13810888040421068
