trento-args = Pb Pb --cross-section 7.0 --normalization 24.327174630614316 --reduced-thickness 0.005751762199903277 --fluctuation 0.6449965860207586 --nucleon-min-dist 1.3211485876668825
nucleon-width = 0.7117066581896085
tau-fs = 0.3284733983634598
hydro-args = etas_hrg=0.1371735376502853 etas_min=0.18183457602420822 etas_slope=0.6003995000273 etas_curv=-1.299928404697124 zetas_max=0.04594722576602361 zetas_width=0.0563904777328484 zetas_t0=0.19209058470162566
Tswitch = 0.14479559564023745
