trento-args = Pb Pb --cross-section 7.0 --normalization 24.342604971109537 --reduced-thickness 0.004270616211877763 --fluctuation 1.8061921727977164 --nucleon-min-dist 0.9980621641203752
nucleon-width = 1.2205992829509118
tau-fs = 0.07891684816507163
hydro-args = etas_hrg=0.16075119663380555 etas_min=0.0853292825642974 etas_slope=1.664627062728628 etas_curv=0.1960897931093344 zetas_max=0.0583222203332465 zetas_width=0.0901400950047187 zetas_t0=0.15659812230216338
Tswitch = 0.14614959159750493
