trento-args = Pb Pb --cross-section 7.0 --normalization 20.283570535225564 --reduced-thickness 0.009253224647184834 --fluctuation 2.4329452015083968 --nucleon-min-dist 1.1856248774098697
nucleon-width = 0.6876036774446096
tau-fs = 0.09419928017393227
hydro-args = etas_hrg=0.1545523942993395 etas_min=0.021427102921716804 etas_slope=0.01699927050061524 etas_curv=0.8121043218899981 zetas_max=0.06211605888479391 zetas_width=0.048615810259431604 zetas_t0=0.17289421372292565
Tswitch = 0.14302284841545393
