trento-args = Pb Pb --cross-section 7.0 --normalization 18.674815063041095 --reduced-thickness 0.004856197291332111 --fluctuation 0.7474841450205716 --nucleon-min-dist 1.509989704141406
nucleon-width = 0.8753723708916674
tau-fs = 0.920620326624499
hydro-args = etas_hrg=0.13955814220845236 etas_min=0.1439063283769414 etas_slope=3.964027626175432 etas_curv=0.9067373226636086 zetas_max=0.00296495983237401 zetas_width=0.021545106559433 zetas_t0=0.17740215239028911
Tswitch = 0.16408153435857967
