trento-args = Pb Pb --cross-section 7.0 --normalization 16.720421993007427 --reduced-thickness 0.004354358205753564 --fluctuation 2.0629135849512608 --nucleon-min-dist 0.951791248796288
nucleon-width = 1.1537089684306046
tau-fs = 1.0794077323392308
hydro-args = etas_hrg=0.13924795679351318 etas_min=0.19401334882033983 etas_slope=3.617563778012992 etas_curv=-0.15050745196430904 zetas_max=0.030652427873294804 zetas_width=0.09745768043794671 zetas_t0=0.18314203286000996
Tswitch = 0.16165082769052125
