trento-args = Pb Pb --cross-section 7.0 --normalization 17.585039541131678 --reduced-thickness 0.008089092406942697 --fluctuation 1.0229778619494359 --nucleon-min-dist 1.461495101827444
nucleon-width = 1.1758196836118735
tau-fs = 0.5424524730950547
hydro-args = etas_hrg=0.16054172479944304 etas_min=0.086883595642075 etas_slope=0.599263534549624 etas_curv=-0.8750678484214001 zetas_max=0.014757722478732499 zetas_width=0.008837480710633101 zetas_t0=0.1578864817521302
Tswitch = 0.14202460684304127
