trento-args = Pb Pb --cross-section 7.0 --normalization 18.854835271831206 --reduced-thickness 0.007610580812617389 --fluctuation 1.4414444127174442 --nucleon-min-dist 1.0014360233049286
nucleon-width = 0.8899548101461736
tau-fs = 0.9670943418675338
hydro-args = etas_hrg=0.1371363065439742 etas_min=0.020668377259653002 etas_slope=3.354556754188612 etas_curv=-1.175549605469778 zetas_max=0.0979551486964338 zetas_width=0.0437930399897974 zetas_t0=0.1521082789642969
Tswitch = 0.16037224405786024
