trento-args = Pb Pb --cross-section 7.0 --normalization 23.02668870312851 --reduced-thickness 0.008328259441562368 --fluctuation 0.8248368646226951 --nucleon-min-dist 1.411816090686622
nucleon-width = 0.6809694892206271
tau-fs = 0.830010427052197
hydro-args = etas_hrg=0.16270989313717 etas_min=0.1279462822371162 etas_slope=3.221826763411984 etas_curv=-0.842590664921562 zetas_max=0.0873149443929084 zetas_width=0.0786171868622303 zetas_t0=0.1991446234040195
Tswitch = 0.16258276674179828
