trento-args = Pb Pb --cross-section 7.0 --normalization 23.512562379169495 --reduced-thickness 0.008490461337752638 --fluctuation 2.7360140244833624 --nucleon-min-dist 1.4801822648473437
nucleon-width = 1.1509277870631553
tau-fs = 1.2524621399792235
hydro-args = etas_hrg=0.15849700455612506 etas_min=0.19582446456132463 etas_slope=2.78180919956602 etas_curv=0.7430151403436909 zetas_max=0.08366612351266671 zetas_width=0.000720705778012052 zetas_t0=0.1648185384889832
Tswitch = 0.1405532451491151
