trento-args = Pb Pb --cross-section 7.0 --normalization 18.24527372662966 --reduced-thickness 0.005910313458748535 --fluctuation 2.31327199356629 --nucleon-min-dist 0.9847322917229808
nucleon-width = 0.7946830948685708
tau-fs = 1.4640093103544318
hydro-args = etas_hrg=0.13873980986673384 etas_min=0.1488289598695934 etas_slope=1.193489525981248 etas_curv=0.7681388988632698 zetas_max=0.06363004583283331 zetas_width=0.0010317943058442299 zetas_t0=0.1975284603142878
Tswitch = 0.16431414827657864
