trento-args = Pb Pb --cross-section 7.0 --normalization 16.58329800274789 --reduced-thickness 0.006529358050644027 --fluctuation 0.6409692278298468 --nucleon-min-dist 1.0409662402307007
nucleon-width = 0.6824996503554546
tau-fs = 1.480386630482418
hydro-args = etas_hrg=0.16194394069398288 etas_min=0.0259086682503112 etas_slope=3.871323934458196 etas_curv=-0.6404307873186657 zetas_max=0.00809672341137193 zetas_width=0.0884347747132182 zetas_t0=0.18240519267444036
Tswitch = 0.15226121725883335
