trento-args = Pb Pb --cross-section 7.0 --normalization 18.888671351989665 --reduced-thickness 0.009513335833790527 --fluctuation 2.4740031349250766 --nucleon-min-dist 1.0277802994934526
nucleon-width = 1.2385631865003086
tau-fs = 1.3330778222780113
hydro-args = etas_hrg=0.1527719472917961 etas_min=0.012575890941824762 etas_slope=2.798772912291812 etas_curv=-0.20852134433323655 zetas_max=0.0512761155175511 zetas_width=0.08530956344944421 zetas_t0=0.18703695954983127
Tswitch = 0.1399252122676838
