trento-args = Pb Pb --cross-section 7.0 --normalization 18.652538035055425 --reduced-thickness 0.005112264982336013 --fluctuation 0.60729069721731 --nucleon-min-dist 0.9426310516968263
nucleon-width = 1.1068976558441146
tau-fs = 0.9930223253392843
hydro-args = etas_hrg=0.14057112682220993 etas_min=0.00475462660454214 etas_slope=0.0833282022476196 etas_curv=-0.4822352766322908 zetas_max=0.009660627101641152 zetas_width=0.06399739392912011 zetas_t0=0.19627087782255842
Tswitch = 0.13956405703470112
