trento-args = Pb Pb --cross-section 7.0 --normalization 23.56691152865181 --reduced-thickness 0.007875381652019918 --fluctuation 0.6082118316089193 --nucleon-min-dist 1.0660438595864379
nucleon-width = 0.7469544085128865
tau-fs = 0.043517998272799875
hydro-args = etas_hrg=0.1599988418926299 etas_min=0.16003522922238342 etas_slope=1.85817701983452 etas_curv=-0.2206161221158225 zetas_max=0.0143691019444261 zetas_width=0.000856152478000149 zetas_t0=0.15425070371110924
Tswitch = 0.16125992110930848
