trento-args = Pb Pb --cross-section 7.0 --normalization 19.60166411451656 --reduced-thickness 0.00442796551813595 --fluctuation 1.0889036145767796 --nucleon-min-dist 1.4470473130986425
nucleon-width = 1.2352596392506137
tau-fs = 0.826536659143371
hydro-args = etas_hrg=0.15882769770340527 etas_min=0.1914098775193096 etas_slope=3.701881214957684 etas_curv=0.7081012369900932 zetas_max=0.0039840802859515 zetas_width=0.0959905193652026 zetas_t0=0.1779196130722994
Tswitch = 0.1360426379796071
