trento-args = Pb Pb --cross-section 7.0 --normalization 24.395284844842887 --reduced-thickness 0.005203353149060534 --fluctuation 2.9595687627135554 --nucleon-min-dist 1.0319744720689095
nucleon-width = 1.1691884888534654
tau-fs = 0.127466087758094
hydro-args = etas_hrg=0.1447831713201385 etas_min=0.179197732415516 etas_slope=3.068033471770584 etas_curv=-1.28420721536777 zetas_max=0.0497431378650479 zetas_width=0.00261845622751862 zetas_t0=0.19064867408175484
Tswitch = 0.14671557715114206
