trento-args = Pb Pb --cross-section 7.0 --normalization 22.678392810808745 --reduced-thickness 0.009012907804466782 --fluctuation 1.1497600192967625 --nucleon-min-dist 0.9166575173792395
nucleon-width = 1.1921488629359662
tau-fs = 0.44855569280126595
hydro-args = etas_hrg=0.1390070774961496 etas_min=0.199477176718507 etas_slope=0.3807562028560788 etas_curv=0.488295273330527 zetas_max=0.07746119853411801 zetas_width=0.09515657189367341 zetas_t0=0.18131361506429966
Tswitch = 0.15426278935278764
