trento-args = Pb Pb --cross-section 7.0 --normalization 16.67336427502182 --reduced-thickness 0.004657313827206567 --fluctuation 2.102478316818323 --nucleon-min-dist 1.5154758121132135
nucleon-width = 0.88588630574108
tau-fs = 0.31549139414473437
hydro-args = etas_hrg=0.1489727053609444 etas_min=0.0940233509888872 etas_slope=0.2767326442189516 etas_curv=0.8365662105677651 zetas_max=0.0353992428921163 zetas_width=0.070114087384101 zetas_t0=0.15088911650551018
Tswitch = 0.16279732040180359
