trento-args = Pb Pb --cross-section 7.0 --normalization 21.126335810796043 --reduced-thickness 0.008802148176401854 --fluctuation 0.6236894827357221 --nucleon-min-dist 1.0057648804629522
nucleon-width = 1.1750328651805722
tau-fs = 1.4482237110077492
hydro-args = etas_hrg=0.13915128085143866 etas_min=0.107382079679612 etas_slope=3.973184498680756 etas_curv=0.10504752196986122 zetas_max=0.000296090578613803 zetas_width=0.0291448731063865 zetas_t0=0.15367595756850205
Tswitch = 0.1377726502708113
