trento-args = Pb Pb --cross-section 7.0 --normalization 23.45564042146235 --reduced-thickness 0.005133462570858373 --fluctuation 0.8986375498549629 --nucleon-min-dist 1.5029542570083891
nucleon-width = 0.8634189249871782
tau-fs = 0.11256092106952792
hydro-args = etas_hrg=0.1458741751722526 etas_min=0.030910886652208803 etas_slope=3.9541861475911 etas_curv=-0.07984647080707408 zetas_max=0.09811334182238211 zetas_width=0.06810224237036891 zetas_t0=0.15731568565792406
Tswitch = 0.13599646336007865
