trento-args = Pb Pb --cross-section 7.0 --normalization 24.713117909149915 --reduced-thickness 0.006740114119199289 --fluctuation 0.625747048803423 --nucleon-min-dist 1.4994622667586543
nucleon-width = 1.1956626717466792
tau-fs = 1.4322897363732192
hydro-args = etas_hrg=0.150662945973021 etas_min=0.1283600977357478 etas_slope=0.2054426554478704 etas_curv=-0.6875371636367413 zetas_max=0.013203766496945199 zetas_width=0.055884417807404 zetas_t0=0.19229536145925522
Tswitch = 0.16306610079264736
