trento-args = Pb Pb --cross-section 7.0 --normalization 18.73253956735379 --reduced-thickness 0.008748227897527439 --fluctuation 2.414416624183194 --nucleon-min-dist 1.480453174594488
nucleon-width = 0.7206533528237518
tau-fs = 0.9952680020672732
hydro-args = etas_hrg=0.1383017502339883 etas_min=0.032815696688369 etas_slope=3.790595794763416 etas_curv=-0.776336516093557 zetas_max=0.00539987976574339 zetas_width=0.03838724377341571 zetas_t0=0.19828960732012058
Tswitch = 0.14765114504918922
