trento-args = Pb Pb --cross-section 7.0 --normalization 18.27479975411203 --reduced-thickness 0.00877201078471765 --fluctuation 0.7046207355113884 --nucleon-min-dist 1.2273427234593612
nucleon-width = 1.2407789677893972
tau-fs = 0.05201892092135728
hydro-args = etas_hrg=0.15153027976376005 etas_min=0.00676911030262708 etas_slope=3.412758449725808 etas_curv=0.9772914839270068 zetas_max=0.0861545580674429 zetas_width=0.0286226197395474 zetas_t0=0.18660447316137146
Tswitch = 0.1647449973447947
