trento-args = Pb Pb --cross-section 7.0 --normalization 19.479346683900683 --reduced-thickness 0.005567814724338798 --fluctuation 1.483513993859831 --nucleon-min-dist 1.0818714222454908
nucleon-width = 0.7863865090006356
tau-fs = 1.4872587111491755
hydro-args = etas_hrg=0.16222213957955595 etas_min=0.1714467525141314 etas_slope=0.587623772529884 etas_curv=-0.6004770131299266 zetas_max=0.0826248927146196 zetas_width=0.07028405908253041 zetas_t0=0.15940030094184915
Tswitch = 0.1363895092737861
