trento-args = Pb Pb --cross-section 7.0 --normalization 21.170710202442027 --reduced-thickness 0.0065878101885721106 --fluctuation 1.0867719579274076 --nucleon-min-dist 1.1900316560313595
nucleon-width = 0.9597083789454703
tau-fs = 0.7170715076582921
hydro-args = etas_hrg=0.1443021288251225 etas_min=0.08419228428946801 etas_slope=2.403564165791496 etas_curv=-0.22789865026916312 zetas_max=0.0570994887177832 zetas_width=0.0474837088528089 zetas_t0=0.17619941403488631
Tswitch = 0.15300880152245053
