trento-args = Pb Pb --cross-section 7.0 --normalization 22.30772603924172 --reduced-thickness 0.006660180119686576 --fluctuation 1.5457049430954153 --nucleon-min-dist 1.3598073130784785
nucleon-width = 0.9870097070318484
tau-fs = 1.001529617450168
hydro-args = etas_hrg=0.15349857632850297 etas_min=0.12180369079159581 etas_slope=1.896971946218984 etas_curv=-0.4344184202593283 zetas_max=0.027957017472805504 zetas_width=0.032079394639842204 zetas_t0=0.17533992581074126
Tswitch = 0.15459014932991938
