trento-args = Pb Pb --cross-section 7.0 --normalization 21.326181198340684 --reduced-thickness 0.006182044525257496 --fluctuation 2.2768162467963093 --nucleon-min-dist 1.4168443258844037
nucleon-width = 1.0001235284657297
tau-fs = 0.5169828853877538
hydro-args = etas_hrg=0.1464464732129965 etas_min=0.07775647261152041 etas_slope=1.10412814072892 etas_curv=0.14279960965267313 zetas_max=0.0345565206333995 zetas_width=0.0703270435048733 zetas_t0=0.1756745997894788
Tswitch = 0.14544186998246705
