trento-args = Pb Pb --cross-section 7.0 --normalization 21.69901987127565 --reduced-thickness 0.00834011912414208 --fluctuation 1.9376661515722515 --nucleon-min-dist 1.3848491294035425
nucleon-width = 1.1783373413587013
tau-fs = 0.38183340096452756
hydro-args = etas_hrg=0.14511670846546534 etas_min=0.1244619619302452 etas_slope=1.540722099764272 etas_curv=-0.12529451751806864 zetas_max=0.047625879588862906 zetas_width=0.0476143805455882 zetas_t0=0.19154953627900687
Tswitch = 0.15040434614991768
