trento-args = Pb Pb --cross-section 7.0 --normalization 18.475614380693475 --reduced-thickness 0.007819063401200251 --fluctuation 1.2053787697894418 --nucleon-min-dist 1.3334316042742411
nucleon-width = 0.9383621332949881
tau-fs = 0.7587017581659511
hydro-args = etas_hrg=0.15277433732973877 etas_min=0.052598533799219804 etas_slope=3.11926280523278 etas_curv=-0.4114598969094456 zetas_max=0.047301519103627704 zetas_width=0.0227140294774435 zetas_t0=0.1628313428611029
Tswitch = 0.14492376787191724
