trento-args = Pb Pb --cross-section 7.0 --normalization 19.524782432156517 --reduced-thickness 0.008218235624366629 --fluctuation 1.0219620354560703 --nucleon-min-dist 1.448401437523051
nucleon-width = 1.0369143594133319
tau-fs = 0.6896009908627533
hydro-args = etas_hrg=0.15146951070260256 etas_min=0.1437948367900216 etas_slope=2.338196981014684 etas_curv=-0.34124399092774826 zetas_max=0.050596249943506005 zetas_width=0.052464092401182306 zetas_t0=0.1744309340398526
Tswitch = 0.14996782494180838
