trento-args = Pb Pb --cross-section 7.0 --normalization 20.94418984585628 --reduced-thickness 0.004868282740320635 --fluctuation 0.932619608794354 --nucleon-min-dist 1.352518766426942
nucleon-width = 0.9427237937835031
tau-fs = 0.9985001593895216
hydro-args = etas_hrg=0.14607046862853226 etas_min=0.1100460233406164 etas_slope=1.98253374714032 etas_curv=0.7388509218697907 zetas_max=0.0386811790286563 zetas_width=0.0739510019202717 zetas_t0=0.19310417112703437
Tswitch = 0.1472808825422265
