trento-args = Pb Pb --cross-section 7.0 --normalization 18.338771523422615 --reduced-thickness 0.008184640295913072 --fluctuation 0.7968921598504988 --nucleon-min-dist 1.4295151912179171
nucleon-width = 0.9028862833213029
tau-fs = 0.6832093773211491
hydro-args = etas_hrg=0.1396893200795073 etas_min=0.047729503893759205 etas_slope=1.075451346203684 etas_curv=0.09405017977659513 zetas_max=0.0725801785830408 zetas_width=0.0156338586896658 zetas_t0=0.17816347365635446
Tswitch = 0.16192872446958906
