trento-args = Pb Pb --cross-section 7.0 --normalization 21.085780242293975 --reduced-thickness 0.008039023677119613 --fluctuation 0.9645706593548788 --nucleon-min-dist 1.38266044518366
nucleon-width = 0.8699047658498512
tau-fs = 1.0735141779201387
hydro-args = etas_hrg=0.15812534701015335 etas_min=0.1365119442146272 etas_slope=2.534462822176516 etas_curv=0.5916747681868251 zetas_max=0.0104780446790159 zetas_width=0.0591772506245878 zetas_t0=0.16860679433494805
Tswitch = 0.1536886045880383
