trento-args = Pb Pb --cross-section 7.0 --normalization 23.439181199110326 --reduced-thickness 0.006013262263202297 --fluctuation 0.6579299063277615 --nucleon-min-dist 1.3252085454467217
nucleon-width = 0.767051520386635
tau-fs = 1.375109521404198
hydro-args = etas_hrg=0.1537458176656254 etas_min=0.16499449580824 etas_slope=1.680867759171872 etas_curv=0.46558574960459853 zetas_max=0.0366251162906177 zetas_width=0.0315750112865586 zetas_t0=0.18526020239186475
Tswitch = 0.14843496923914645
