trento-args = Pb Pb --cross-section 7.0 --normalization 20.749067139122808 --reduced-thickness 0.005071705591910333 --fluctuation 1.0444507853674698 --nucleon-min-dist 1.1820039654207577
nucleon-width = 1.0629496806896146
tau-fs = 0.2704198307585909
hydro-args = etas_hrg=0.14414234521385283 etas_min=0.1471687748900614 etas_slope=1.400151464886964 etas_curv=0.157456713745185 zetas_max=0.08432340379264211 zetas_width=0.0630296408645809 zetas_t0=0.19351489502962216
Tswitch = 0.155264654031666
