trento-args = Pb Pb --cross-section 7.0 --normalization 17.489699341550608 --reduced-thickness 0.00449747443200983 --fluctuation 1.3147220669030708 --nucleon-min-dist 1.1597364594321045
nucleon-width = 1.1819921292707782
tau-fs = 0.5237369626491056
hydro-args = etas_hrg=0.1585289164222777 etas_min=0.0785473449866288 etas_slope=2.064198488712312 etas_curv=-0.4962827042127492 zetas_max=0.0490520720347296 zetas_width=0.019642426689947003 zetas_t0=0.1749360073028365
Tswitch = 0.15076059602756986
