trento-args = Pb Pb --cross-section 7.0 --normalization 23.620870749939364 --reduced-thickness 0.0052120736338604244 --fluctuation 1.5718933901571128 --nucleon-min-dist 1.3084912620738416
nucleon-width = 1.0814493270497545
tau-fs = 0.7407534214350353
hydro-args = etas_hrg=0.16043646092053504 etas_min=0.0454306180136278 etas_slope=3.334567125637084 etas_curv=-1.0339052908672957 zetas_max=0.0242399703138042 zetas_width=0.015466787642799303 zetas_t0=0.1956473002249608
Tswitch = 0.15105448565090543
