trento-args = Pb Pb --cross-section 7.0 --normalization 23.88112114103568 --reduced-thickness 0.005372786498551814 --fluctuation 0.8422212802712558 --nucleon-min-dist 1.0267740431128967
nucleon-width = 0.7985759056941977
tau-fs = 0.1296773583898041
hydro-args = etas_hrg=0.14369618589004968 etas_min=0.16568494384903462 etas_slope=3.636328181482852 etas_curv=-0.29378717395085907 zetas_max=0.0181924499802757 zetas_width=0.0172205084946472 zetas_t0=0.15851840996087996
Tswitch = 0.16117202770524658
