trento-args = Pb Pb --cross-section 7.0 --normalization 24.1190304102537 --reduced-thickness 0.0067201439517546434 --fluctuation 0.9568869008279197 --nucleon-min-dist 1.2541786052727422
nucleon-width = 1.0019835542624749
tau-fs = 0.27249103580499984
hydro-args = etas_hrg=0.15669022730533966 etas_min=0.1735435078933836 etas_slope=1.795384195171296 etas_curv=-0.8483669246718755 zetas_max=0.027103826876869404 zetas_width=0.08441222578021701 zetas_t0=0.159839345928072
Tswitch = 0.15945832385898104
