trento-args = Pb Pb --cross-section 7.0 --normalization 17.43787027362943 --reduced-thickness 0.0057493890221670275 --fluctuation 1.8400089528924053 --nucleon-min-dist 1.2920228984224504
nucleon-width = 0.722612889070091
tau-fs = 0.686074246549532
hydro-args = etas_hrg=0.14298571925700176 etas_min=0.053079730717279 etas_slope=1.423322057340296 etas_curv=0.31313807257376536 zetas_max=0.029095729958545404 zetas_width=0.06787417675112371 zetas_t0=0.16546313795594036
Tswitch = 0.16133986371026843
