trento-args = Pb Pb --cross-section 7.0 --normalization 22.318392857998937 --reduced-thickness 0.007288715418332443 --fluctuation 2.328084028755317 --nucleon-min-dist 1.2622687595235857
nucleon-width = 0.9928468847552883
tau-fs = 1.4328593977483135
hydro-args = etas_hrg=0.14486763323298654 etas_min=0.12811498111598202 etas_slope=1.819866262480616 etas_curv=-1.1073079913861585 zetas_max=0.09201772598735991 zetas_width=0.0624478495509364 zetas_t0=0.18046280885364396
Tswitch = 0.1395506387532223
