trento-args = Pb Pb --cross-section 7.0 --normalization 20.624363913084103 --reduced-thickness 0.007597418753595277 --fluctuation 0.6962647113617527 --nucleon-min-dist 1.367887259051719
nucleon-width = 1.135698754571059
tau-fs = 1.1356866110711172
hydro-args = etas_hrg=0.15747810882466381 etas_min=0.1360251313567162 etas_slope=2.808231707742436 etas_curv=-0.6565126171770984 zetas_max=0.021850905240001203 zetas_width=0.0208025794313289 zetas_t0=0.19844248723851052
Tswitch = 0.14114151225603652
