trento-args = Pb Pb --cross-section 7.0 --normalization 24.468228115350538 --reduced-thickness 0.008017780428911003 --fluctuation 1.125424299446684 --nucleon-min-dist 1.194984688188191
nucleon-width = 1.075348992459111
tau-fs = 0.8218533416310655
hydro-args = etas_hrg=0.1643469020616962 etas_min=0.054833954090904406 etas_slope=0.9596609865129 etas_curv=-0.09260890819192857 zetas_max=0.0321123122559395 zetas_width=0.026108328802930198 zetas_t0=0.17062361860172826
Tswitch = 0.1581587418107316
