trento-args = Pb Pb --cross-section 7.0 --normalization 19.69595487652519 --reduced-thickness 0.006934723013180497 --fluctuation 1.0237705197986415 --nucleon-min-dist 1.212900463288356
nucleon-width = 1.167733438122069
tau-fs = 0.3716133905323461
hydro-args = etas_hrg=0.1551349845279241 etas_min=0.05572168724862861 etas_slope=3.66112254427932 etas_curv=-0.4225632449070934 zetas_max=0.0767064146962948 zetas_width=0.05268252476709891 zetas_t0=0.19684315257209822
Tswitch = 0.15598658019931522
