trento-args = Pb Pb --cross-section 7.0 --normalization 22.04641487211915 --reduced-thickness 0.00555259275880307 --fluctuation 2.8563007712628994 --nucleon-min-dist 1.0322860899270259
nucleon-width = 1.004499257571348
tau-fs = 1.1475986498349535
hydro-args = etas_hrg=0.15763291408358607 etas_min=0.0695260304664262 etas_slope=1.526167820841076 etas_curv=-0.6181041875836449 zetas_max=0.048522987438319204 zetas_width=0.09327092501744631 zetas_t0=0.17929630365634805
Tswitch = 0.16336810865385926
