trento-args = Pb Pb --cross-section 7.0 --normalization 24.395642392873143 --reduced-thickness 0.00798569635856338 --fluctuation 0.8114288300677951 --nucleon-min-dist 1.082675927757623
nucleon-width = 1.0938322658839588
tau-fs = 0.5668024154289669
hydro-args = etas_hrg=0.1649618549423106 etas_min=0.1525183433948084 etas_slope=3.455690848993136 etas_curv=0.1861452143839082 zetas_max=0.0454493243697099 zetas_width=0.0671098646301776 zetas_t0=0.18255951955060012
Tswitch = 0.15799518258449158
