trento-args = Pb Pb --cross-section 7.0 --normalization 22.163439014372983 --reduced-thickness 0.0071585188152126986 --fluctuation 3.069724141732134 --nucleon-min-dist 0.9823910642223722
nucleon-width = 0.9349892696950366
tau-fs = 0.9361114613316853
hydro-args = etas_hrg=0.15731958480663133 etas_min=0.178275091953203 etas_slope=0.659042156100272 etas_curv=-0.761079389343132 zetas_max=0.015848864823114102 zetas_width=0.06172101646135561 zetas_t0=0.19042104847393931
Tswitch = 0.14366055986172985
