trento-args = Pb Pb --cross-section 7.0 --normalization 20.804063121366713 --reduced-thickness 0.007668595533486082 --fluctuation 0.6701733136359526 --nucleon-min-dist 1.521511487620073
nucleon-width = 0.8071455649841799
tau-fs = 0.5979670960139623
hydro-args = etas_hrg=0.14191606581714472 etas_min=0.025571105518844003 etas_slope=0.07803587513417 etas_curv=-0.052261072693439825 zetas_max=0.0854149986286648 zetas_width=0.05849467018982401 zetas_t0=0.19613609420801514
Tswitch = 0.14180489838130306
