trento-args = Pb Pb --cross-section 7.0 --normalization 23.72034051989066 --reduced-thickness 0.008151050892758367 --fluctuation 0.6427690236020689 --nucleon-min-dist 1.270152187900899
nucleon-width = 1.1906613106149242
tau-fs = 0.1874684917607212
hydro-args = etas_hrg=0.14265578430082182 etas_min=0.0417811591002158 etas_slope=0.809623630022632 etas_curv=-0.2575710215811162 zetas_max=0.053107462299848 zetas_width=0.09676591169703751 zetas_t0=0.1892206043498125
Tswitch = 0.1490251948629739
