trento-args = Pb Pb --cross-section 7.0 --normalization 17.410122033675236 --reduced-thickness 0.007383597872580961 --fluctuation 2.336746607838705 --nucleon-min-dist 1.2237086836374602
nucleon-width = 1.0185111059776055
tau-fs = 1.0620055907179597
hydro-args = etas_hrg=0.14353221691289453 etas_min=0.17746645240644 etas_slope=0.740260897791012 etas_curv=0.7218654275949115 zetas_max=0.004322248101234441 zetas_width=0.0885583104938269 zetas_t0=0.194662250637752
Tswitch = 0.14556810664330144
