trento-args = Pb Pb --cross-section 7.0 --normalization 17.249313866944107 --reduced-thickness 0.006082272266085444 --fluctuation 3.0144860092225576 --nucleon-min-dist 1.5087914838904364
nucleon-width = 0.7800229730684844
tau-fs = 0.1974778509141362
hydro-args = etas_hrg=0.14832465341198725 etas_min=0.1901340450201184 etas_slope=0.714295352952556 etas_curv=-0.613471724996157 zetas_max=0.0583280573296826 zetas_width=0.0350831687896978 zetas_t0=0.15567137249687218
Tswitch = 0.15745811166523957
