trento-args = Pb Pb --cross-section 7.0 --normalization 18.996651884095023 --reduced-thickness 0.007363655686360226 --fluctuation 1.7992076831608015 --nucleon-min-dist 1.2738860069947346
nucleon-width = 1.1092139837171535
tau-fs = 0.08779196475653903
hydro-args = etas_hrg=0.16216884765737224 etas_min=0.1737477294578216 etas_slope=1.286259471850468 etas_curv=-1.0952068232713268 zetas_max=0.038543796352483305 zetas_width=0.0895548477289733 zetas_t0=0.1619313221125398
Tswitch = 0.14659838510750794
