trento-args = Pb Pb --cross-section 7.0 --normalization 19.50931473624864 --reduced-thickness 0.008252728181137887 --fluctuation 3.0566053856221505 --nucleon-min-dist 1.504026390028809
nucleon-width = 0.7720893112362182
tau-fs = 0.36553751240196597
hydro-args = etas_hrg=0.15981964513437824 etas_min=0.1232618393486366 etas_slope=2.898877769321204 etas_curv=0.27607359408792154 zetas_max=0.00339760330850259 zetas_width=0.07459408758962531 zetas_t0=0.16265211144972125
Tswitch = 0.14330960447288119
