trento-args = Pb Pb --cross-section 7.0 --normalization 22.488000575277738 --reduced-thickness 0.006294870324758815 --fluctuation 0.6238523140139076 --nucleon-min-dist 1.381428140421727
nucleon-width = 0.6945388857367467
tau-fs = 1.0395635386389257
hydro-args = etas_hrg=0.14797511592992116 etas_min=0.15915205124914641 etas_slope=1.00314089554362 etas_curv=-1.0427264355993373 zetas_max=0.0825562980262097 zetas_width=0.0280389473055024 zetas_t0=0.19124650709875862
Tswitch = 0.1580581714879023
