trento-args = Pb Pb --cross-section 7.0 --normalization 17.849246530419446 --reduced-thickness 0.004680939134553075 --fluctuation 1.163815219999497 --nucleon-min-dist 1.514778879468245
nucleon-width = 0.8395727450620203
tau-fs = 0.8586378194919554
hydro-args = etas_hrg=0.1603264490205003 etas_min=0.0436950753492304 etas_slope=1.221039571298288 etas_curv=0.24512061381330685 zetas_max=0.042258946789708006 zetas_width=0.0162791316926479 zetas_t0=0.19258483671064025
Tswitch = 0.13708998458000365
