trento-args = Pb Pb --cross-section 7.0 --normalization 21.456530445992435 --reduced-thickness 0.00866068386603892 --fluctuation 0.8945010428639916 --nucleon-min-dist 1.3559110425870702
nucleon-width = 0.8915248818050855
tau-fs = 0.03826522938103415
hydro-args = etas_hrg=0.1596638884998439 etas_min=0.0936604304734618 etas_slope=3.856127526869996 etas_curv=-0.701754249930754 zetas_max=0.0450746981359087 zetas_width=0.00650159379136749 zetas_t0=0.1704912320502801
Tswitch = 0.1517714936637925
