trento-args = Pb Pb --cross-section 7.0 --normalization 23.676806912863366 --reduced-thickness 0.005609926246607676 --fluctuation 2.1201354821508867 --nucleon-min-dist 1.483718785104275
nucleon-width = 0.8154832322193042
tau-fs = 1.3813822189464933
hydro-args = etas_hrg=0.15743487035402098 etas_min=0.10028059123018761 etas_slope=0.453197870967908 etas_curv=0.3487254693261821 zetas_max=0.0336157813706901 zetas_width=0.07909867580304851 zetas_t0=0.15078623784813097
Tswitch = 0.14405408679103945
