trento-args = Pb Pb --cross-section 7.0 --normalization 22.155376167993417 --reduced-thickness 0.0068631770297486305 --fluctuation 1.4832538193408806 --nucleon-min-dist 1.045514437067032
nucleon-width = 0.7595217898566238
tau-fs = 1.4705508676252466
hydro-args = etas_hrg=0.16316455123704393 etas_min=0.031241000522393803 etas_slope=1.571176229609176 etas_curv=0.706522583963163 zetas_max=0.0937119930054992 zetas_width=0.0486111335716676 zetas_t0=0.17007892339280806
Tswitch = 0.1404277863930585
