trento-args = Pb Pb --cross-section 7.0 --normalization 18.117421676537845 --reduced-thickness 0.005439461873046683 --fluctuation 0.6273700624048739 --nucleon-min-dist 1.3422884564382567
nucleon-width = 0.7352654892433645
tau-fs = 1.414862989858613
hydro-args = etas_hrg=0.16360468522990587 etas_min=0.16879649089984602 etas_slope=3.711301975756884 etas_curv=-0.6743141434532582 zetas_max=0.0799376030129381 zetas_width=0.00302805390344001 zetas_t0=0.192032955407165
Tswitch = 0.1376862611417938
