trento-args = Pb Pb --cross-section 7.0 --normalization 18.539206600128047 --reduced-thickness 0.007526008180793003 --fluctuation 0.9359948373950108 --nucleon-min-dist 1.106988984503792
nucleon-width = 0.6777324046024658
tau-fs = 0.6589404255725773
hydro-args = etas_hrg=0.15839352905677168 etas_min=0.1722754924676382 etas_slope=0.519909154625608 etas_curv=-1.161137717454741 zetas_max=0.06012483744299971 zetas_width=0.09637484618905001 zetas_t0=0.153586344018369
Tswitch = 0.1360903879415011
