trento-args = Pb Pb --cross-section 7.0 --normalization 19.848435396018548 --reduced-thickness 0.005788173161141202 --fluctuation 2.606191342253617 --nucleon-min-dist 0.963656523063245
nucleon-width = 0.7090386735376738
tau-fs = 0.3945347626178336
hydro-args = etas_hrg=0.16298455785360655 etas_min=0.0415243338909 etas_slope=2.943049751397224 etas_curv=-1.2651827054274734 zetas_max=0.0968565493866801 zetas_width=0.0930076049319468 zetas_t0=0.18185266368687156
Tswitch = 0.14038594784859104
