trento-args = Pb Pb --cross-section 7.0 --normalization 17.103718028668897 --reduced-thickness 0.008427428063798693 --fluctuation 1.4351666614946068 --nucleon-min-dist 1.0138015781941998
nucleon-width = 0.7076149579079375
tau-fs = 0.36998253770803136
hydro-args = etas_hrg=0.14618833687770647 etas_min=0.19683379689771682 etas_slope=2.189057260971516 etas_curv=0.6619821354954032 zetas_max=0.040421107881283405 zetas_width=0.0267458828113973 zetas_t0=0.1591618295905413
Tswitch = 0.1467462337310426
