trento-args = Pb Pb --cross-section 7.0 --normalization 24.993703838744715 --reduced-thickness 0.009279698002936317 --fluctuation 0.6911592120030986 --nucleon-min-dist 1.4276517599154632
nucleon-width = 0.793278433603733
tau-fs = 0.07415754984503606
hydro-args = etas_hrg=0.16020845632187092 etas_min=0.0325518046522514 etas_slope=0.791176044257356 etas_curv=-0.3509707762919838 zetas_max=0.0019136773171834602 zetas_width=0.05436680974476041 zetas_t0=0.15685553739604075
Tswitch = 0.16011873606495558
