trento-args = Pb Pb --cross-section 7.0 --normalization 23.60923483706477 --reduced-thickness 0.008421508201405404 --fluctuation 1.733112514580581 --nucleon-min-dist 0.9702836447493938
nucleon-width = 1.2150569485493765
tau-fs = 1.3167710394758454
hydro-args = etas_hrg=0.15478175756624435 etas_min=0.00899181394670158 etas_slope=2.214100538704544 etas_curv=0.8917206067244525 zetas_max=0.07894705370566811 zetas_width=0.060079909512866306 zetas_t0=0.15016256306569556
Tswitch = 0.15956811848526353
