trento-args = Pb Pb --cross-section 7.0 --normalization 21.28829853900556 --reduced-thickness 0.0049831623512309065 --fluctuation 2.6299365268032755 --nucleon-min-dist 1.5125821032018758
nucleon-width = 0.9711824307952028
tau-fs = 1.0977894409740383
hydro-args = etas_hrg=0.1359598799019819 etas_min=0.19058812095848843 etas_slope=2.462209427868948 etas_curv=-0.01895023444099264 zetas_max=0.039205539062339805 zetas_width=0.08625993769080381 zetas_t0=0.18603504824065606
Tswitch = 0.16257050279291813
