trento-args = Pb Pb --cross-section 7.0 --normalization 23.745013246591753 --reduced-thickness 0.005379916320208461 --fluctuation 0.660504155828457 --nucleon-min-dist 1.304269241207548
nucleon-width = 1.0253606788132572
tau-fs = 0.6275500787796965
hydro-args = etas_hrg=0.15424873685280327 etas_min=0.08761831735819581 etas_slope=0.01794453544728456 etas_curv=-1.179359504294349 zetas_max=0.0016358121046796401 zetas_width=0.0942792258052621 zetas_t0=0.18997601448083296
Tswitch = 0.13591609946052544
