trento-args = Pb Pb --cross-section 7.0 --normalization 21.56654665518413 --reduced-thickness 0.005576890272873265 --fluctuation 1.6282933740462502 --nucleon-min-dist 1.1893882436279566
nucleon-width = 1.2107289758966588
tau-fs = 0.9394657602383936
hydro-args = etas_hrg=0.1365020282353135 etas_min=0.1134570751992054 etas_slope=3.955169193360956 etas_curv=0.8048022162531965 zetas_max=0.028797163290344204 zetas_width=0.00869197119376622 zetas_t0=0.15476515257919674
Tswitch = 0.15862672991809904
