trento-args = Pb Pb --cross-section 7.0 --normalization 24.83531470032743 --reduced-thickness 0.00504831102839224 --fluctuation 1.1890932514633281 --nucleon-min-dist 0.9390260055113846
nucleon-width = 1.1607165171128204
tau-fs = 0.10667457799416043
hydro-args = etas_hrg=0.14148522328320892 etas_min=0.16811034230757502 etas_slope=2.6193503958527 etas_curv=-1.11490379506303 zetas_max=0.0338672937945463 zetas_width=0.0953674786433578 zetas_t0=0.19330983149055392
Tswitch = 0.14849672763164623
