trento-args = Pb Pb --cross-section 7.0 --normalization 23.401776542753634 --reduced-thickness 0.00941093103247322 --fluctuation 1.145439826042827 --nucleon-min-dist 0.9065219198721673
nucleon-width = 1.0268463538333776
tau-fs = 0.1556163238158217
hydro-args = etas_hrg=0.139855899781161 etas_min=0.1717514796015806 etas_slope=0.003500052824616432 etas_curv=-1.262489617835358 zetas_max=0.0441454436102882 zetas_width=0.0317983773223124 zetas_t0=0.1512141763805179
Tswitch = 0.1532876101884758
