trento-args = Pb Pb --cross-section 7.0 --normalization 24.666226603311657 --reduced-thickness 0.00444451231620945 --fluctuation 3.2660622732716083 --nucleon-min-dist 1.494403767192446
nucleon-width = 1.173420745616288
tau-fs = 0.9433853591102728
hydro-args = etas_hrg=0.13857972697104792 etas_min=0.08934071150925021 etas_slope=0.6711633717753 etas_curv=0.6043841147274249 zetas_max=0.0909284562757704 zetas_width=0.014554131188849002 zetas_t0=0.15245009516479913
Tswitch = 0.16270923643575982
