trento-args = Pb Pb --cross-section 7.0 --normalization 16.627668112143805 --reduced-thickness 0.0065267543086588355 --fluctuation 0.8688782611685427 --nucleon-min-dist 1.2053304235979996
nucleon-width = 0.6891925860142692
tau-fs = 1.4738663121126683
hydro-args = etas_hrg=0.13519778101666366 etas_min=0.1755287739274092 etas_slope=2.206604319730772 etas_curv=-0.9276667374778995 zetas_max=0.0816888470522128 zetas_width=0.0999870522606652 zetas_t0=0.1799912747100694
Tswitch = 0.15569813739561944
