trento-args = Pb Pb --cross-section 7.0 --normalization 23.907729683869455 --reduced-thickness 0.004398409878368675 --fluctuation 0.8460560594808062 --nucleon-min-dist 1.3578562332705033
nucleon-width = 0.8729361674910449
tau-fs = 0.20538796254684705
hydro-args = etas_hrg=0.16429489404870665 etas_min=0.143246653610468 etas_slope=0.2711410609241576 etas_curv=-0.0728859500322967 zetas_max=0.0973316088799853 zetas_width=0.0947192460726481 zetas_t0=0.1723302522367798
Tswitch = 0.13514628206416035
