trento-args = Pb Pb --cross-section 7.0 --normalization 19.67252806323065 --reduced-thickness 0.005179803650248796 --fluctuation 3.0412201854646046 --nucleon-min-dist 1.358770190039939
nucleon-width = 0.8920357610316292
tau-fs = 0.1980326660537347
hydro-args = etas_hrg=0.16176873962832616 etas_min=0.1807401110321284 etas_slope=2.68674110303074 etas_curv=0.994734110404458 zetas_max=0.0735443337609526 zetas_width=0.0997456610084046 zetas_t0=0.15423694443681743
Tswitch = 0.1644798922543321
