trento-args = Pb Pb --cross-section 7.0 --normalization 17.581156974465777 --reduced-thickness 0.009633534000863506 --fluctuation 0.7418541341205912 --nucleon-min-dist 0.9210816996259809
nucleon-width = 1.0688327500267385
tau-fs = 1.0175945151101051
hydro-args = etas_hrg=0.13890177585905883 etas_min=0.0460337473562918 etas_slope=3.894525137133896 etas_curv=-1.1506622245257254 zetas_max=0.09383326788409611 zetas_width=0.0025794373899232603 zetas_t0=0.16529363577149345
Tswitch = 0.16226403980968987
